-17276.0
-21353.0
-24151.0
-17099.0
-16183.0
-14288.0
-21021.0
-11746.0
-16833.0
-9417.0
-17085.0
-13622.0
-13571.0
-15954.0
-16810.0
-17819.0
-15371.0
-9473.0
-18440.0
-14466.0
-16860.0
-18459.0
-16685.0
-9909.0
-11795.0
-16100.0
-13596.0
-10693.0
-22755.0
-12049.0
-18321.0
-21812.0
-21617.0
-9072.0
-12545.0
-11571.0
-15641.0
-16714.0
-9181.0
-18707.0
-14336.0
-7931.0
-14069.0
-16642.0
-11147.0
-9688.0
-13541.0
-12825.0
-15082.0
-18493.0
-13604.0
-14189.0
-16115.0
-15243.0
-14194.0
-14532.0
-18696.0
-15500.0
-15245.0
-13264.0
-16950.0
-14768.0
-12552.0
-16070.0
-20642.0
-20862.0
-13740.0
-9600.0
-19050.0
-23867.0
-14097.0
-16636.0
-15932.0
-18166.0
-14954.0
-11985.0
-15214.0
-12275.0
-19551.0
-11851.0
-17036.0
-20103.0
-20850.0
-14762.0
-12360.0
-12387.0
-13441.0
-18985.0
-20098.0
-12895.0
-10651.0
-7321.0
-15321.0
-12531.0
-17773.0
-8605.0
-16396.0
-12590.0
-13810.0
-17331.0
-16475.0
-19505.0
-21553.0
-9091.0
-12223.0
-11794.0
-22048.0
-13771.0
-12511.0
-12548.0
-15278.0
-17799.0
-16649.0
-14191.0
-20257.0
-19589.0
-13948.0
-12433.0
-15413.0
-12250.0
-23046.0
-13332.0
-15761.0
-16816.0
-15340.0
-14374.0
-18422.0
-13592.0
-23366.0
-18776.0
-22127.0
-21699.0
-17804.0
-11790.0
-16770.0
-11998.0
-12811.0
-18991.0
-10301.0
-16038.0
-9861.0
-13947.0
-15706.0
-17105.0
-9617.0
-16716.0
-17254.0
-21135.0
-11159.0
-17689.0
-17981.0
-16058.0
-21467.0
-12496.0
-15117.0
-9499.0
-14322.0
-10134.0
-10590.0
-7305.0
-16257.0
-9255.0
-9808.0
-14588.0
-18380.0
-20103.0
-9457.0
-6443.0
-16145.0
-23566.0
-15552.0
-10233.0
-16677.0
-10610.0
-19529.0
-17612.0
-13360.0
-10423.0
-20118.0
-11795.0
-15155.0
-14734.0
-13500.0
-10561.0
-11530.0
-11226.0
-14684.0
-9204.0
-14341.0
-15117.0
-7729.0
-10487.0
-12575.0
-14697.0
-8232.0
-13361.0
-20447.0
-13630.0
-14445.0
-19044.0
-12317.0
-11323.0
-19540.0
-15282.0
-14738.0
-10340.0
-13939.0
-10964.0
-8132.0
-14388.0
-14268.0
-13402.0
-7490.0
-14522.0
-13195.0
-18567.0
-14200.0
-6397.0
-18251.0
-15088.0
-14940.0
-15646.0
-18173.0
-16020.0
-10175.0
-22775.0
-14829.0
-12107.0
-19246.0
-11898.0
-13502.0
-20715.0
-16432.0
-7330.0
-18487.0
-7314.0
-15716.0
-15465.0
-10880.0
-10651.0
-12595.0
-10167.0
-11490.0
-18506.0
-11223.0
-8459.0
-13622.0
-16758.0
-8658.0
-18621.0
-13522.0
-22033.0
-18068.0
-13503.0
-13292.0
-10355.0
-13036.0
-11730.0
-15777.0
-12022.0
-17606.0
-8639.0
-18021.0
-10673.0
-17085.0
-18493.0
-8238.0
-8179.0
-16276.0
-15193.0
-13485.0
-14703.0
-11643.0
-11725.0
-13550.0
-11196.0
-15385.0
-10651.0
-21239.0
-17985.0
-22785.0
-15368.0
-19039.0
-13546.0
-11544.0
-17280.0
-16979.0
-17824.0
-14004.0
-13522.0
-11635.0
-10093.0
-10201.0
-16011.0
-11501.0
-7081.0
-19391.0
-9074.0
-8546.0
-18712.0
-17748.0
-12125.0
-22678.0
-7166.0
-12480.0
-9380.0
-15062.0
-12471.0
-9993.0
-18353.0
-12272.0
-11081.0
-7732.0
-12733.0
-14646.0
-22064.0
-12506.0
-7079.0
-16556.0
-19335.0
-12842.0
-13078.0
-16166.0
-17153.0
-11172.0
-16533.0
-11552.0
-12135.0
-22456.0
-13036.0
-16130.0
-16767.0
-12716.0
-11172.0
-12699.0
-13142.0
-15045.0
-8537.0
-8675.0
-11382.0
-9601.0
-16767.0
-15462.0
-15029.0
-10491.0
-8568.0
-16908.0
-16007.0
-7892.0
-20385.0
-10188.0
-10958.0
-19368.0
-11668.0
-16898.0
-7819.0
-12802.0
-13715.0
-14453.0
-10933.0
-15563.0
-5766.0
-7687.0
-14726.0
-13167.0
-21974.0
-16384.0
-8958.0
-13428.0
-12200.0
-16318.0
-15476.0
-18309.0
-16011.0
-15208.0
-11765.0
-14616.0
-10966.0
-14726.0
-13528.0
-22242.0
-20475.0
-18163.0
-7981.0
-7572.0
-7548.0
-10410.0
-6613.0
-9671.0
-19365.0
-9093.0
-9347.0
-15708.0
-17142.0
-16648.0
-8662.0
-15443.0
-14344.0
-12686.0
-17666.0
-15859.0
-12299.0
-17971.0
-11725.0
-11945.0
-9212.0
-19212.0
-13758.0
-16147.0
-9016.0
-17323.0
-16375.0
-14112.0
-11669.0
-14564.0
-12419.0
-9774.0
-7551.0
-10819.0
-13657.0
-14377.0
-10562.0
-21033.0
-19278.0
-14525.0
-14795.0
-12058.0
-10419.0
-16979.0
-14937.0
-12358.0
-17696.0
-13041.0
-9513.0
-7644.0
-11725.0
-11696.0
-11917.0
-12653.0
-16820.0
-8791.0
-6389.0
-13725.0
-16231.0
-8034.0
-6694.0
-15344.0
-13442.0
-7481.0
-13071.0
-13507.0
-14125.0
-18042.0
-11788.0
-12476.0
-10440.0
-7743.0
-20493.0
-13260.0
-8167.0
-19482.0
-7976.0
-9732.0
-10172.0
-17334.0
-16702.0
-9979.0
-10203.0
-16456.0
-20970.0
-17906.0
-18332.0
-9845.0
-15967.0
-7880.0
-12339.0
-14048.0
-7655.0
-21079.0
-14976.0
-14149.0
-17396.0
-16057.0
-12165.0
-10799.0
-8008.0
-11885.0
-10251.0
-10340.0
-9090.0
-7750.0
-13254.0
-7470.0
-18359.0
-7708.0
-12934.0
-11963.0
-12535.0
-9971.0
-9111.0
-14868.0
-12820.0
-22603.0
-15586.0
-11949.0
-11810.0
-13328.0
-16280.0
-11614.0
-9474.0
-18295.0
-9821.0
-10762.0
-12304.0
-15997.0
-15192.0
-12967.0
-9486.0
-16941.0
-14176.0
-8749.0
-11582.0
-12894.0
-12191.0
-18229.0
-14077.0
-15291.0
-9804.0
-10861.0
-16559.0
-16727.0
-15299.0
-13830.0
-12415.0
-9039.0
-8319.0
-11887.0
-11353.0
-9993.0
-12998.0
-9773.0
-10850.0
-13546.0
-15926.0
-8795.0
-9794.0
-19907.0
-14401.0
-10867.0
-9866.0
-11692.0
-11173.0
-18057.0
-15348.0
-9447.0
-7350.0
-10156.0
-9042.0
-11262.0
-11024.0
-9851.0
-7824.0
-6499.0
-7622.0
-9893.0
-18781.0
-8747.0
-8400.0
-13754.0
-12434.0
-8879.0
-12129.0
-9864.0
-12980.0
-5754.0
-18328.0
-12001.0
-8469.0
-14614.0
-16453.0
-14119.0
-16178.0
-17348.0
-8064.0
-8693.0
-6064.0
-19642.0
-7068.0
-8349.0
-14324.0
-5591.0
-8608.0
-8968.0
-15662.0
-8385.0
-8142.0
-12585.0
-18469.0
-7792.0
-10428.0
-14720.0
-16138.0
-21623.0
-9584.0
-12853.0
-8785.0
-13351.0
-11198.0
-12243.0
-7515.0
-16778.0
-5403.0
-8435.0
-16529.0
-14267.0
-17020.0
-5211.0
-10164.0
-16717.0
-11842.0
-11946.0
-6942.0
-10596.0
-13972.0
-9268.0
-12366.0
-13172.0
-9238.0
-8490.0
-10596.0
-15269.0
-14477.0
-18801.0
-8724.0
-12173.0
-7962.0
-14958.0
-8622.0
-6449.0
-10953.0
-11117.0
-9128.0
-10978.0
-14672.0
-5913.0
-10233.0
-10931.0
-10976.0
-7734.0
-16404.0
-13592.0
-11046.0
-23356.0
-8954.0
-9888.0
-8361.0
-6490.0
-13654.0
-4829.0
-8040.0
-14006.0
-3871.0
-9819.0
-8077.0
-16463.0
-19085.0
-8179.0
-6970.0
-12414.0
-10847.0
-13223.0
-8677.0
-9799.0
-10663.0
-9594.0
-10362.0
-14190.0
-6627.0
-10955.0
-14306.0
-12591.0
-14296.0
-19429.0
-10103.0
-5485.0
-5088.0
-20503.0
-9301.0
-4492.0
-15326.0
-9459.0
-7776.0
-6196.0
-9231.0
-7751.0
-6737.0
-11434.0
-13464.0
-5570.0
-17261.0
-7292.0
-10129.0
-12424.0
-10185.0
-9378.0
-10352.0
-12438.0
-15693.0
-14258.0
-7756.0
-15651.0
-7224.0
-5784.0
-11331.0
-14087.0
-12959.0
-9333.0
-6484.0
-16775.0
-14323.0
-8482.0
-9636.0
-12547.0
-8142.0
-5085.0
-8535.0
-9820.0
-9122.0
-14401.0
-11557.0
-9792.0
-14375.0
-13336.0
-7763.0
-6567.0
-5787.0
-17422.0
-5992.0
-4529.0
-15687.0
-9803.0
-6184.0
-9511.0
-14032.0
-4056.0
-12110.0
-11890.0
-11471.0
-8101.0
-11757.0
-11895.0
-8607.0
-18451.0
-7650.0
-11996.0
-5903.0
-11002.0
-12502.0
-12549.0
-10288.0
-7174.0
-4006.0
-9468.0
-6542.0
-11000.0
-14786.0
-11447.0
-7634.0
-15700.0
-13505.0
-5983.0
-5054.0
-12749.0
-17617.0
-11245.0
-7135.0
-10984.0
-6259.0
-8789.0
-8826.0
-7828.0
-13879.0
-10812.0
-9875.0
-7260.0
-7752.0
-15068.0
-7988.0
-6157.0
-10100.0
-8359.0
-7800.0
-10055.0
-16788.0
-5218.0
-12069.0
-8363.0
-7298.0
-6091.0
-11984.0
-10865.0
-9774.0
-15883.0
-8043.0
-10255.0
-5683.0
-9745.0
-9598.0
-8646.0
-4620.0
-10490.0
-5903.0
-10252.0
-14646.0
-9687.0
-19298.0
-4310.0
-5719.0
-12832.0
-11582.0
-6646.0
-5256.0
-16334.0
-9792.0
-10917.0
-5780.0
-9943.0
-6127.0
-10908.0
-5357.0
-9990.0
-10727.0
-11687.0
-7481.0
-5214.0
-6555.0
-14046.0
-5403.0
-11768.0
-7732.0
-10665.0
-11516.0
-8514.0
-10563.0
-6296.0
-9072.0
-7929.0
-12452.0
-5137.0
-21258.0
-9073.0
-10536.0
-15753.0
-6146.0
-10068.0
-7577.0
-11657.0
-9103.0
-9643.0
-5254.0
-13738.0
-5331.0
-7187.0
-8508.0
-7858.0
-13400.0
-5719.0
-5921.0
-14550.0
-9109.0
-8534.0
-6603.0
-14141.0
-11677.0
-7353.0
-7602.0
-10249.0
-7350.0
-9928.0
-6757.0
-8061.0
-11340.0
-9409.0
-8726.0
-5000.0
-5134.0
-8321.0
-7310.0
-7355.0
-7326.0
-6174.0
-6783.0
-9155.0
-13464.0
-5518.0
-7638.0
-8642.0
-12599.0
-6207.0
-14710.0
-7540.0
-9282.0
-11294.0
-7901.0
-8886.0
-7151.0
-6992.0
-13316.0
-7744.0
-8225.0
-9496.0
-4758.0
-6475.0
-6928.0
-6225.0
-16918.0
-12076.0
-3998.0
-14614.0
-11859.0
-12373.0
-11684.0
-10293.0
-10307.0
-8147.0
-8313.0
-8441.0
-4770.0
-10982.0
-7854.0
-10377.0
-14038.0
-13156.0
-6878.0
-6026.0
-5648.0
-5745.0
-6580.0
-6468.0
-7661.0
-7521.0
-9037.0
-8267.0
-9294.0
-6323.0
-5490.0
-7586.0
-7342.0
-6603.0
-10617.0
-8961.0
-7867.0
-18293.0
-6357.0
-8839.0
-4204.0
-8231.0
-15537.0
-10674.0
-7588.0
-10962.0
-5815.0
-4993.0
-10940.0
-10245.0
-10468.0
-6423.0
-4967.0
-11746.0
-14951.0
-5517.0
-6439.0
-8052.0
-9087.0
-6800.0
-9601.0
-11508.0
-5583.0
-7848.0
-8405.0
-7580.0
-8468.0
-9922.0
-5178.0
-4455.0
-3975.0
-9065.0
-7134.0
-3105.0
-9109.0
-8734.0
-7812.0
-6163.0
-8629.0
-10860.0
-5666.0
-8017.0
-9311.0
-6746.0
-15471.0
-10373.0
-5678.0
-12973.0
-7483.0
-4879.0
-5683.0
-8423.0
-7906.0
-8691.0
-7607.0
-8449.0
-8329.0
-8375.0
-5592.0
-8241.0
-11282.0
-7192.0
-4246.0
-13351.0
-9993.0
-5727.0
-6894.0
-4898.0
-8565.0
-7318.0
-10766.0
-10879.0
-4847.0
-8473.0
-10596.0
-7597.0
-12283.0
-12423.0
-7961.0
-5737.0
-3214.0
-12250.0
-4203.0
-4242.0
-6478.0
-3314.0
-7087.0
-4140.0
-12437.0
-3811.0
-7438.0
-6332.0
-8099.0
-4685.0
-7180.0
-7945.0
-7489.0
-18913.0
-5460.0
-5192.0
-7181.0
-8912.0
-6225.0
-5300.0
-3887.0
-8643.0
-4192.0
-7130.0
-6770.0
-8985.0
-14664.0
-5042.0
-4469.0
-10264.0
-17180.0
-7579.0
-7113.0
-11953.0
-6491.0
-3523.0
-6086.0
-7680.0
-4228.0
-11123.0
-4725.0
-8622.0
-10501.0
-11636.0
-7968.0
-4866.0
-5952.0
-11659.0
-4762.0
-3694.0
-11252.0
-4245.0
-5629.0
-7922.0
-14322.0
-7681.0
-7091.0
-8264.0
-9456.0
-3498.0
-13234.0
-12204.0
-14770.0
-13796.0
-5206.0
-7675.0
-5086.0
-6832.0
-7408.0
-7152.0
-4839.0
-8072.0
-5301.0
-7156.0
-6468.0
-14198.0
-11414.0
-5109.0
-4256.0
-11829.0
-8196.0
-7386.0
-6933.0
-11649.0
-8968.0
-7849.0
-10730.0
-5197.0
-6738.0
-12124.0
-8564.0
-6224.0
-11897.0
-9534.0
-7105.0
-5835.0
-7204.0
-9765.0
-5706.0
-4062.0
-10329.0
-5956.0
-6040.0
-7031.0
-14110.0
-5206.0
-6476.0
-10961.0
-8340.0
-4322.0
-7527.0
-6929.0
-10721.0
-17737.0
-4886.0
-7081.0
-6547.0
-7414.0
-8533.0
-6986.0
-4993.0
-4974.0
-4918.0
-4643.0
-8156.0
-4256.0
-14199.0
-2977.0
-5164.0
-13573.0
-6631.0
-5547.0
-10283.0
-7640.0
-6051.0
-6778.0
-7770.0
-4272.0
-6367.0
-9590.0
-7926.0
-5991.0
-10935.0
-12868.0
-5931.0
-6853.0
-4457.0
-7804.0
-3115.0
-2871.0
-6608.0
-3172.0
-5723.0
-6510.0
-11198.0
-4082.0
-6591.0
-11256.0
-10942.0
-4324.0
-13082.0
-7276.0
-5761.0
-14961.0
-3886.0
-7418.0
-4243.0
-6688.0
-4875.0
-4553.0
-5373.0
-7026.0
-4160.0
-6478.0
-7571.0
-6778.0
-10708.0
-3435.0
-4263.0
-10417.0
-7199.0
-5723.0
-8229.0
-8928.0
-4383.0
-5614.0
-7532.0
-3171.0
-4561.0
-10200.0
-7413.0
-7482.0
-6509.0
-12035.0
-6128.0
-4590.0
-4117.0
-7444.0
-5827.0
-3738.0
-8038.0
-4122.0
-3303.0
-7298.0
-8741.0
-4908.0
-4679.0
-8112.0
-4171.0
-3203.0
-8492.0
-8160.0
-5235.0
-12646.0
-2921.0
-5681.0
-4614.0
-5921.0
-9322.0
-7818.0
-4778.0
-7022.0
-4346.0
-4722.0
-4854.0
-7901.0
-16551.0
-4082.0
-4760.0
-10425.0
-8557.0
-4126.0
-7671.0
-14224.0
-7261.0
-3061.0
-6514.0
-8614.0
-3889.0
-7526.0
-11057.0
-5119.0
-9710.0
-9934.0
-5448.0
-3789.0
-3481.0
-6172.0
-6471.0
-5238.0
-5719.0
-4157.0
-2957.0
-5238.0
-6493.0
-6395.0
-6351.0
-10236.0
-8060.0
-3292.0
-6675.0
-4633.0
-7710.0
-14639.0
-4178.0
-4721.0
-6599.0
-6752.0
-10387.0
-7176.0
-4748.0
-11531.0
-3664.0
-3265.0
-5049.0
-9227.0
-11115.0
-4619.0
-3891.0
-11286.0
-8125.0
-8196.0
-6033.0
-8828.0
-8047.0
-5273.0
-6326.0
-10228.0
-4243.0
-7371.0
-4506.0
-4648.0
-9855.0
-11127.0
-3652.0
-2026.0
-4695.0
-8690.0
-3655.0
-4255.0
-6924.0
-3673.0
-6088.0
-8535.0
-8996.0
-5600.0
-9073.0
-9828.0
-7973.0
-6885.0
-7412.0
-5851.0
-6515.0
-14078.0
-6367.0
-6019.0
-3759.0
-7524.0
-8750.0
-7958.0
-4975.0
-7755.0
-3340.0
-5326.0
-8069.0
-7358.0
-9675.0
-4502.0
-2910.0
-13767.0
-6433.0
-5287.0
-9538.0
-9186.0
-4717.0
-5998.0
-5555.0
-6589.0
-4924.0
-8455.0
-6826.0
-8957.0
-11942.0
-7905.0
-6697.0
-3993.0
-4054.0
-10573.0
-3941.0
-3070.0
-5293.0
-3825.0
-5018.0
-5953.0
-9252.0
-3363.0
-4561.0
-10154.0
-6738.0
-4071.0
-6032.0
-5514.0
-5680.0
-12237.0
-3060.0
-4563.0
-5013.0
-5536.0
-5122.0
-6330.0
-3943.0
-10211.0
-3359.0
-4077.0
-8069.0
-7165.0
-10015.0
-2875.0
-3079.0
-9082.0
-6500.0
-4847.0
-4936.0
-7726.0
-4769.0
-6501.0
-8274.0
-6100.0
-3018.0
-8417.0
-4567.0
-6811.0
-6426.0
-12996.0
-4001.0
-2654.0
-2648.0
-8292.0
-4765.0
-3242.0
-7677.0
-4799.0
-3569.0
-5921.0
-9919.0
-3562.0
-3575.0
-7544.0
-7285.0
-4655.0
-4210.0
-4202.0
-5539.0
-9140.0
-4939.0
-4655.0
-6267.0
-5599.0
-5886.0
-4250.0
-3352.0
-4480.0
-3162.0
-5454.0
-4495.0
-5546.0
-16231.0
-3623.0
-3451.0
-7984.0
-4743.0
-4663.0
-8618.0
-9604.0
-5864.0
-5000.0
-5440.0
-9033.0
-3151.0
-6993.0
-7316.0
-4803.0
-7267.0
-10594.0
-5099.0
-2380.0
-4041.0
-5428.0
-3886.0
-3107.0
-4618.0
-3063.0
-5550.0
-7992.0
-8259.0
-5818.0
-4100.0
-7151.0
-7353.0
-3122.0
-6716.0
-5328.0
-3775.0
-11043.0
-4424.0
-4443.0
-5114.0
-4814.0
-5664.0
-3552.0
-4997.0
-5831.0
-3780.0
-3749.0
-4092.0
-5965.0
-8594.0
-5408.0
-3041.0
-6660.0
-5487.0
-3863.0
-4767.0
-8731.0
-6496.0
-5145.0
-7277.0
-7588.0
-2766.0
-3142.0
-6761.0
-5318.0
-8692.0
-7161.0
-4574.0
-2986.0
-3747.0
-5017.0
-3585.0
-2258.0
-5408.0
-2711.0
-4273.0
-5267.0
-11446.0
-4642.0
-3628.0
-4787.0
-7607.0
-2828.0
-5984.0
-4520.0
-7997.0
-12110.0
-3936.0
-7407.0
-3688.0
-6458.0
-5153.0
-2358.0
-4214.0
-5579.0
-3554.0
-4227.0
-3849.0
-3958.0
-10498.0
-3296.0
-2569.0
-7516.0
-4375.0
-7011.0
-5005.0
-5688.0
-3106.0
-4154.0
-4181.0
-4000.0
-2843.0
-4909.0
-5299.0
-6351.0
-5505.0
-8334.0
-5211.0
-4000.0
-3005.0
-8654.0
-3090.0
-3486.0
-7362.0
-2721.0
-3740.0
-3911.0
-12232.0
-3564.0
-3402.0
-9211.0
-5449.0
-3800.0
-7141.0
-6407.0
-5679.0
-9799.0
-5780.0
-3988.0
-2712.0
-6349.0
-7544.0
-4196.0
-2901.0
-6168.0
-2803.0
-3371.0
-4582.0
-5899.0
-9372.0
-4089.0
-5517.0
-4335.0
-4868.0
-3525.0
-3636.0
-7078.0
-5044.0
-4463.0
-4351.0
-4685.0
-4055.0
-3956.0
-5772.0
-3907.0
-8838.0
-6967.0
-3732.0
-2789.0
-2059.0
-8536.0
-3175.0
-2491.0
-6631.0
-2037.0
-3449.0
-4135.0
-5827.0
-2751.0
-3741.0
-8095.0
-7853.0
-4274.0
-6469.0
-6508.0
-5027.0
-7101.0
-3119.0
-7224.0
-3137.0
-4971.0
-4445.0
-4456.0
-3278.0
-3752.0
-2729.0
-3207.0
-4315.0
-4699.0
-10076.0
-3256.0
-3351.0
-7764.0
-6754.0
-4721.0
-2023.0
-5910.0
-3784.0
-2802.0
-3315.0
-4146.0
-2869.0
-5946.0
-6291.0
-5194.0
-7166.0
-6811.0
-4223.0
-2965.0
-2681.0
-6986.0
-3625.0
-3484.0
-4896.0
-2558.0
-2168.0
-3227.0
-5767.0
-2160.0
-3393.0
-4002.0
-8305.0
-2605.0
-5330.0
-4435.0
-3817.0
-8256.0
-2977.0
-3855.0
-3863.0
-3303.0
-4066.0
-3898.0
-4729.0
-6078.0
-4534.0
-3459.0
-2945.0
-4260.0
-10026.0
-3841.0
-2274.0
-6983.0
-5857.0
-5795.0
-3401.0
-2764.0
-4747.0
-2871.0
-4388.0
-3540.0
-3346.0
-5408.0
-3545.0
-5327.0
-3167.0
-5863.0
-4573.0
-2016.0
-3474.0
-8236.0
-3129.0
-3016.0
-4681.0
-3435.0
-2532.0
-5063.0
-7478.0
-3873.0
-4246.0
-4922.0
-6779.0
-2644.0
-5033.0
-4508.0
-3895.0
-5392.0
-3997.0
-3457.0
-4168.0
-5283.0
-2926.0
-3358.0
-4269.0
-5927.0
-2686.0
-2493.0
-3097.0
-5015.0
-9562.0
-3189.0
-2022.0
-4564.0
-3637.0
-3984.0
-5575.0
-8130.0
-4869.0
-2737.0
-5177.0
-2977.0
-2814.0
-5496.0
-6221.0
-7987.0
-7694.0
-5459.0
-3987.0
-3060.0
-3658.0
-4268.0
-2891.0
-2060.0
-4389.0
-4491.0
-3111.0
-4708.0
-6968.0
-3940.0
-2615.0
-5563.0
-6165.0
-2670.0
-7816.0
-4045.0
-7151.0
-8663.0
-4264.0
-6032.0
-2474.0
-4589.0
-4627.0
-3880.0
-2645.0
-5498.0
-2533.0
-2944.0
-3865.0
-4794.0
-9212.0
-3482.0
-3257.0
-4048.0
-4158.0
-3244.0
-3898.0
-6264.0
-4658.0
-3268.0
-3980.0
-4348.0
-3933.0
-4942.0
-4863.0
-3754.0
-8819.0
-6439.0
-2827.0
-3375.0
-3031.0
-5568.0
-3585.0
-2556.0
-3131.0
-2580.0
-3973.0
-3591.0
-3112.0
-3032.0
-2493.0
-4246.0
-4943.0
-2026.0
-4714.0
-4519.0
-4634.0
-6604.0
-3086.0
-3493.0
-3951.0
-3644.0
-5337.0
-5595.0
-2319.0
-2906.0
-2078.0
-3086.0
-4726.0
-4932.0
-5319.0
-2738.0
-2137.0
-5647.0
-5065.0
-3800.0
-4006.0
-4783.0
-5369.0
-2545.0
-4328.0
-3786.0
-2654.0
-3894.0
-4338.0
-4084.0
-6271.0
-7165.0
-4386.0
-3509.0
-2334.0
-6886.0
-2266.0
-2329.0
-3869.0
-2252.0
-3673.0
-4151.0
-3141.0
-1974.0
-5000.0
-12082.0
-4720.0
-2281.0
-4466.0
-4758.0
-2302.0
-8749.0
-3703.0
-3629.0
-4446.0
-3489.0
-4233.0
-3888.0
-2524.0
-4386.0
-2758.0
-1834.0
-3999.0
-6242.0
-10016.0
-2442.0
-2716.0
-3848.0
-5018.0
-3584.0
-4698.0
-3920.0
-4453.0
-2587.0
-2836.0
-4755.0
-2073.0
-4981.0
-3847.0
-3914.0
-6284.0
-8575.0
-3429.0
-3536.0
-3980.0
-5763.0
-2415.0
-3488.0
-3782.0
-1786.0
-3726.0
-5202.0
-5772.0
-2865.0
-2546.0
-3458.0
-6673.0
-1777.0
-7280.0
-2855.0
-4811.0
-8199.0
-3677.0
-2846.0
-2011.0
-3697.0
-4629.0
-3789.0
-3590.0
-3125.0
-2174.0
-3082.0
-2663.0
-3315.0
-3808.0
-2790.0
-1992.0
-6511.0
-5482.0
-3333.0
-2937.0
-3915.0
-3216.0
-2501.0
-3607.0
-3174.0
-3405.0
-5444.0
-3706.0
-3438.0
-4771.0
-5417.0
-4610.0
-2210.0
-2502.0
-7021.0
-2168.0
-2813.0
-3131.0
-2548.0
-2408.0
-3945.0
-6638.0
-2782.0
-2663.0
-5078.0
-4635.0
-2091.0
-6460.0
-4644.0
-3797.0
-6846.0
-4471.0
-2136.0
-2421.0
-3452.0
-3975.0
-2992.0
-1702.0
-5439.0
-2484.0
-2333.0
-3640.0
-3889.0
-6336.0
-3017.0
-1917.0
-3338.0
-4509.0
-4210.0
-2708.0
-3935.0
-3382.0
-2590.0
-3142.0
-5793.0
-2330.0
-3791.0
-5992.0
-3227.0
-4225.0
-4315.0
-2958.0
-2180.0
-2933.0
-4525.0
-3104.0
-2409.0
-4261.0
-2221.0
-2230.0
-3385.0
-3915.0
-2239.0
-2217.0
-4119.0
-3972.0
-2203.0
-7175.0
-4245.0
-2576.0
-5803.0
-3124.0
-5650.0
-3373.0
-3247.0
-3473.0
-2611.0
-3205.0
-2960.0
-2718.0
-2129.0
-3169.0
-4045.0
-5407.0
-3490.0
-2289.0
-5052.0
-2922.0
-2784.0
-3759.0
-2223.0
-3209.0
-2115.0
-4044.0
-4103.0
-2932.0
-6030.0
-3807.0
-5195.0
-7333.0
-6099.0
-2466.0
-3744.0
-2668.0
-4169.0
-2838.0
-1870.0
-4391.0
-2324.0
-1978.0
-3262.0
-4503.0
-4036.0
-3679.0
-4610.0
-3058.0
-3286.0
-3582.0
-2919.0
-3756.0
-6861.0
-3541.0
-2664.0
-1975.0
-2937.0
-3056.0
-2803.0
-1730.0
-3304.0
-2187.0
-3272.0
-3292.0
-3297.0
-8805.0
-1767.0
-2414.0
-3714.0
-3656.0
-2496.0
-2543.0
-4486.0
-3361.0
-2545.0
-2838.0
-3010.0
-2288.0
-3212.0
-2879.0
-3455.0
-4458.0
-2279.0
-1921.0
-2208.0
-1942.0
-7127.0
-2501.0
-2559.0
-4229.0
-2578.0
-3006.0
-2985.0
-3060.0
-2318.0
-2985.0
-3884.0
-5805.0
-2511.0
-3445.0
-2314.0
-2795.0
-9388.0
-5489.0
-2146.0
-2793.0
-3111.0
-3688.0
-2353.0
-3063.0
-4005.0
-2567.0
-2083.0
-2233.0
-3535.0
-6152.0
-2089.0
-2012.0
-4393.0
-2931.0
-3503.0
-3398.0
-3785.0
-4760.0
-2396.0
-2276.0
-3259.0
-3111.0
-4144.0
-2682.0
-3605.0
-4826.0
-3819.0
-2874.0
-2854.0
-2396.0
-4619.0
-2080.0
-2950.0
-3092.0
-2048.0
-2313.0
-2769.0
-4444.0
-1964.0
-4742.0
-3174.0
-2998.0
-2107.0
-3639.0
-3179.0
-3813.0
-4817.0
-2333.0
-2215.0
-2006.0
-3667.0
-3247.0
-2295.0
-2611.0
-4015.0
-2283.0
-2373.0
-2426.0
-2769.0
-9534.0
-2345.0
-2492.0
-2698.0
-3471.0
-4040.0
-3013.0
-3493.0
-5435.0
-3188.0
-2676.0
-3123.0
-2889.0
-2460.0
-4041.0
-3132.0
-4123.0
-2820.0
-1793.0
-2971.0
-2879.0
-3399.0
-1755.0
-1622.0
-2685.0
-2541.0
-2084.0
-3803.0
-5543.0
-2166.0
-1732.0
-2461.0
-3492.0
-2314.0
-3374.0
-2767.0
-2620.0
-7209.0
-1935.0
-3643.0
-2076.0
-4347.0
-3472.0
-3136.0
-2699.0
-3893.0
-2047.0
-2364.0
-2397.0
-2332.0
-4092.0
-2543.0
-1916.0
-4030.0
-2990.0
-3250.0
-3993.0
-4049.0
-2377.0
-1856.0
-2739.0
-2882.0
-1953.0
-2416.0
-3492.0
-4204.0
-4068.0
-4475.0
-2168.0
-2926.0
-1733.0
-4582.0
-2558.0
-2090.0
-2394.0
-2100.0
-3524.0
-4719.0
-1832.0
-2182.0
-4190.0
-5933.0
-2938.0
-3065.0
-2933.0
-3298.0
-3606.0
-4016.0
-2964.0
-3198.0
-2417.0
-4456.0
-2828.0
-1975.0
-2347.0
-4111.0
-2923.0
-2769.0
-3555.0
-4453.0
-4834.0
-2390.0
-2095.0
-2579.0
-3456.0
-2901.0
-3853.0
-2493.0
-2883.0
-2571.0
-3913.0
-3140.0
-2416.0
-5932.0
-3016.0
-4095.0
-3745.0
-4076.0
-3826.0
-2219.0
-1955.0
-2026.0
-2136.0
-3559.0
-2896.0
-2270.0
-2269.0
-2184.0
-3369.0
-2559.0
-2645.0
-4577.0
-2977.0
-2360.0
-2745.0
-2991.0
-2738.0
-5222.0
-3504.0
-2485.0
-1715.0
-3235.0
-2618.0
-2256.0
-2016.0
-3196.0
-2022.0
-2323.0
-2711.0
-4136.0
-4242.0
-2307.0
-2472.0
-3260.0
-3592.0
-3015.0
-1955.0
-2667.0
-2953.0
-2743.0
-3247.0
-3200.0
-1930.0
-2804.0
-3598.0
-3813.0
-4070.0
-3352.0
-2054.0
-2084.0
-2655.0
-4125.0
-2454.0
-2786.0
-2368.0
-1640.0
-2159.0
-3745.0
-4068.0
-1927.0
-2236.0
-3106.0
-3455.0
-2239.0
-3276.0
-3636.0
-3513.0
-3782.0
-3091.0
-2190.0
-1916.0
-3841.0
-2867.0
-2398.0
-4117.0
-3921.0
-2262.0
-2105.0
-1932.0
-2502.0
-4460.0
-1981.0
-2057.0
-2372.0
-2928.0
-2645.0
-2355.0
-3070.0
-3436.0
-2010.0
-3437.0
-2057.0
-1797.0
-4041.0
-2696.0
-3218.0
-4517.0
-5626.0
-2159.0
-1970.0
-2617.0
-2990.0
-2321.0
-2180.0
-1802.0
-2409.0
-2219.0
-2478.0
-3241.0
-2636.0
-2286.0
-2735.0
-2833.0
-1919.0
-3377.0
-3198.0
-2411.0
-4306.0
-2168.0
-2807.0
-1992.0
-3813.0
-2109.0
-1799.0
-2210.0
-3722.0
-1894.0
-1784.0
-2167.0
-3776.0
-3168.0
-2095.0
-1572.0
-3013.0
-2164.0
-2667.0
-2316.0
-2016.0
-2868.0
-2180.0
-3486.0
-3306.0
-1711.0
-3248.0
-4124.0
-3009.0
-3942.0
-3100.0
-2584.0
-1591.0
-2104.0
-2785.0
-1853.0
-1654.0
-2605.0
-2366.0
-2127.0
-2121.0
-2166.0
-1777.0
-1789.0
-2211.0
-4080.0
-1846.0
-4023.0
-2848.0
-2517.0
-3910.0
-2063.0
-2339.0
-2100.0
-2872.0
-2650.0
-1931.0
-2363.0
-2661.0
-1841.0
-1908.0
-1794.0
-2320.0
-2627.0
-2848.0
-2116.0
-2659.0
-3957.0
-2804.0
-1843.0
-2493.0
-3196.0
-2453.0
-3494.0
-2289.0
-2434.0
-4025.0
-2762.0
-3525.0
-2743.0
-2345.0
-2170.0
-2539.0
-1927.0
-3092.0
-2704.0
-2429.0
-2169.0
-2217.0
-2292.0
-2577.0
-3636.0
-1886.0
-2901.0
-2811.0
-1874.0
-1795.0
-3932.0
-2776.0
-2304.0
-4843.0
-2124.0
-1868.0
-2020.0
-3911.0
-2431.0
-1754.0
-1892.0
-3184.0
-1664.0
-2544.0
-1714.0
-3800.0
-4722.0
-1620.0
-1571.0
-2559.0
-2361.0
-2629.0
-2190.0
-2813.0
-3472.0
-2559.0
-2235.0
-2631.0
-2403.0
-2997.0
-2046.0
-2890.0
-3605.0
-2410.0
-2238.0
-2670.0
-2639.0
-2571.0
-3364.0
-1866.0
-2304.0
-2560.0
-1752.0
-3319.0
-3138.0
-1839.0
-2467.0
-3162.0
-1784.0
-1633.0
-3077.0
-3211.0
-2197.0
-2922.0
-2048.0
-2018.0
-2106.0
-3513.0
-2262.0
-1706.0
-1722.0
-2854.0
-2841.0
-1954.0
-2017.0
-3939.0
-2705.0
-2004.0
-2342.0
-2842.0
-3257.0
-2735.0
-2017.0
-1852.0
-3603.0
-2104.0
-2866.0
-2691.0
-2327.0
-2342.0
-2116.0
-3321.0
-4761.0
-2534.0
-2458.0
-2493.0
-1812.0
-2375.0
-2645.0
-2227.0
-2731.0
-2304.0
-1952.0
-3031.0
-3047.0
-1751.0
-2046.0
-2329.0
-1858.0
-2321.0
-2482.0
-3654.0
-2171.0
-3226.0
-1678.0
-3227.0
-1978.0
-6086.0
-1723.0
-1590.0
-2230.0
-3745.0
-1758.0
-2382.0
-2367.0
-3401.0
-3160.0
-1860.0
-2014.0
-2552.0
-2693.0
-2940.0
-1962.0
-2896.0
-2569.0
-2164.0
-2514.0
-2514.0
-2317.0
-3322.0
-1905.0
-3677.0
-2452.0
-3555.0
-1919.0
-2548.0
-2910.0
-3324.0
-2823.0
-1867.0
-2558.0
-1974.0
-1645.0
-2467.0
-3061.0
-1996.0
-1735.0
-3033.0
-2367.0
-3179.0
-2236.0
-2744.0
-1883.0
-2780.0
-2098.0
-1809.0
-2169.0
-2668.0
-2281.0
-1892.0
-2180.0
-3711.0
-1912.0
-1713.0
-2171.0
-2941.0
-3373.0
-1646.0
-3078.0
-2960.0
-2408.0
-3304.0
-2424.0
-3761.0
-4348.0
-1707.0
-2583.0
-2583.0
-2274.0
-2534.0
-2288.0
-5817.0
-2954.0
-2950.0
-2614.0
-2007.0
-1862.0
-2347.0
-2084.0
-2613.0
-2261.0
-1619.0
-1906.0
-2931.0
-3389.0
-4206.0
-2265.0
-2653.0
-1876.0
-1736.0
-2630.0
-3683.0
-1928.0
-2871.0
-1763.0
-1809.0
-2796.0
-3448.0
-1939.0
-2489.0
-2275.0
-3409.0
-2106.0
-1936.0
-1986.0
-1848.0
-3264.0
-2191.0
-1565.0
-1899.0
-2577.0
-2707.0
-2083.0
-2906.0
-3053.0
-2478.0
-2659.0
-2797.0
-2038.0
-4652.0
-1688.0
-3299.0
-3757.0
-2852.0
-1969.0
-1684.0
-2027.0
-3003.0
-2371.0
-1924.0
-1960.0
-1917.0
-2161.0
-3517.0
-2993.0
-1820.0
-2050.0
-2753.0
-2186.0
-1766.0
-2565.0
-2923.0
-2791.0
-3387.0
-1831.0
-1535.0
-2292.0
-3087.0
-1884.0
-1841.0
-1909.0
-3279.0
-1976.0
-1769.0
-1921.0
-3773.0
-3244.0
-1895.0
-2018.0
-3205.0
-3336.0
-2409.0
-2123.0
-2029.0
-2595.0
-2100.0
-2207.0
-2374.0
-1821.0
-4688.0
-3053.0
-5054.0
-3653.0
-2282.0
-1819.0
-1491.0
-1674.0
-2860.0
-2421.0
-2089.0
-1677.0
-1708.0
-2354.0
-1742.0
-2335.0
-2179.0
-2015.0
-2449.0
-3301.0
-2709.0
-1780.0
-3225.0
-1715.0
-3289.0
-2223.0
-1899.0
-2196.0
-2558.0
-3619.0
-2181.0
-2298.0
-3213.0
-2189.0
-2077.0
-2092.0
-1537.0
-2450.0
-1885.0
-1667.0
-3053.0
-2523.0
-2807.0
-2017.0
-1761.0
-3985.0
-3085.0
-3034.0
-2862.0
-2562.0
-3222.0
-1774.0
-2876.0
-2442.0
-2554.0
-2540.0
-2565.0
-1473.0
-2846.0
-2735.0
-2981.0
-2102.0
-2412.0
-1821.0
-3362.0
-2200.0
-2150.0
-2616.0
-3135.0
-2457.0
-1783.0
-2637.0
-2284.0
-2010.0
-3513.0
-2035.0
-1770.0
-1977.0
-5630.0
-1714.0
-1856.0
-1842.0
-2404.0
-1790.0
-3495.0
-1711.0
-2069.0
-3031.0
-2240.0
-2610.0
-3273.0
-2938.0
-2460.0
-2230.0
-2059.0
-3280.0
-3302.0
-2292.0
-2705.0
-2961.0
-3454.0
-2199.0
-3379.0
-2359.0
-4707.0
-1729.0
-1859.0
-2834.0
-3522.0
-2801.0
-2143.0
-1911.0
-2750.0
-1652.0
-2557.0
-3129.0
-1691.0
-2120.0
-2965.0
-2859.0
-2047.0
-2113.0
-2751.0
-2648.0
-3670.0
-2422.0
-2848.0
-2071.0
-4356.0
-2135.0
-2035.0
-2591.0
-3038.0
-2522.0
-2340.0
-2966.0
-2033.0
-2197.0
-3992.0
-1585.0
-2547.0
-2266.0
-2509.0
-1601.0
-3164.0
-2590.0
-2783.0
-3525.0
-2481.0
-2249.0
-2450.0
-2258.0
-3295.0
-4193.0
-2823.0
-1730.0
-2183.0
-1715.0
-2166.0
-2620.0
-2315.0
-1437.0
-2605.0
-2224.0
-2069.0
-2140.0
-1742.0
-1897.0
-2433.0
-4417.0
-2601.0
-2031.0
-3579.0
-1952.0
-4351.0
-1841.0
-2081.0
-2273.0
-4164.0
-2889.0
-1444.0
-1635.0
-2653.0
-2230.0
-2530.0
-1626.0
-2886.0
-2419.0
-3227.0
-1742.0
-2634.0
-3104.0
-3816.0
-2173.0
-2481.0
-3549.0
-2044.0
-2189.0
-3783.0
-2081.0
-2930.0
-2501.0
-3347.0
-2937.0
-3056.0
-1909.0
-1875.0
-1697.0
-2310.0
-3629.0
-1878.0
-3056.0
-1798.0
-1294.0
-1769.0
-3232.0
-1720.0
-1975.0
-4070.0
-2585.0
-2199.0
-2965.0
-2256.0
-1798.0
-2367.0
-2155.0
-1491.0
-1914.0
-3697.0
-1788.0
-2838.0
-3471.0
-2835.0
-2112.0
-1572.0
-2812.0
-2164.0
-3030.0
-3428.0
-1964.0
-2121.0
-2274.0
-2373.0
-2245.0
-2066.0
-3111.0
-2087.0
-1685.0
-4020.0
-1760.0
-3069.0
-2359.0
-2997.0
-2822.0
-2809.0
-2958.0
-1637.0
-1628.0
-2460.0
-2607.0
-2188.0
-2367.0
-2339.0
-1679.0
-1717.0
-4730.0
-1102.0
-1766.0
-1841.0
-2954.0
-1394.0
-2097.0
-4193.0
-1809.0
-3023.0
-1950.0
-2316.0
-1564.0
-4312.0
-1904.0
-2894.0
-1841.0
-2479.0
-1464.0
-2385.0
-1820.0
-3607.0
-3238.0
-1685.0
-3024.0
-3709.0
-2685.0
-2352.0
-2345.0
-2231.0
-2445.0
-2419.0
-2540.0
-3346.0
-2339.0
-3537.0
-2226.0
-5592.0
-3628.0
-2488.0
-2589.0
-1628.0
-2066.0
-2504.0
-4131.0
-2269.0
-2052.0
-1976.0
-1791.0
-1943.0
-2464.0
-1937.0
-2754.0
-3044.0
-2913.0
-1498.0
-2336.0
-2441.0
-1896.0
-3527.0
-1662.0
-2051.0
-1618.0
-4333.0
-2270.0
-2137.0
-1596.0
-2487.0
-2080.0
-2177.0
-1695.0
-1925.0
-2932.0
-1714.0
-1948.0
-1647.0
-2262.0
-2127.0
-2032.0
-1642.0
-3040.0
-2900.0
-2216.0
-2297.0
-2096.0
-1837.0
-1925.0
-2798.0
-2960.0
-3263.0
-2028.0
-1133.0
-2176.0
-2188.0
-2254.0
-2098.0
-2008.0
-1423.0
-1824.0
-1751.0
-2267.0
-1798.0
-2222.0
-2297.0
-1706.0
-1832.0
-1857.0
-2134.0
-2209.0
-2537.0
-1561.0
-1534.0
-1428.0
-3432.0
-1884.0
-1557.0
-1750.0
-2324.0
-2070.0
-3154.0
-1301.0
-1862.0
-3028.0
-1734.0
-1465.0
-2177.0
-1881.0
-2935.0
-2392.0
-1719.0
-3817.0
-2019.0
-2292.0
-2078.0
-1796.0
-2154.0
-1890.0
-3013.0
-2874.0
-2516.0
-2315.0
-1402.0
-1612.0
-2523.0
-2008.0
-2471.0
-2578.0
-1297.0
-1923.0
-4363.0
-2986.0
-2188.0
-1718.0
-3243.0
-1551.0
-1948.0
-2667.0
-2298.0
-2578.0
-2560.0
-2226.0
-4348.0
-2323.0
-3088.0
-2042.0
-1354.0
-1765.0
-1675.0
-2344.0
-2356.0
-1762.0
-1775.0
-4462.0
-1525.0
-2264.0
-2271.0
-3116.0
-3470.0
-2035.0
-1878.0
-3083.0
-1996.0
-4315.0
-4948.0
-1653.0
-2297.0
-5483.0
-3271.0
-2827.0
-1951.0
-1891.0
-1501.0
-2424.0
-2665.0
-2412.0
-2984.0
-2770.0
-1839.0
-1626.0
-1974.0
-2940.0
-1412.0
-1629.0
-2129.0
-2647.0
-2073.0
-2309.0
-2973.0
-2784.0
-3073.0
-1818.0
-1661.0
-2192.0
-4752.0
-1331.0
-2431.0
-3374.0
-2304.0
-1437.0
-1770.0
-1304.0
-3799.0
-2313.0
-1868.0
-1885.0
-2329.0
-2838.0
-2174.0
-1870.0
-2199.0
-2753.0
-2043.0
-1975.0
-2582.0
-2376.0
-2649.0
-2388.0
-2915.0
-4131.0
-2029.0
-1938.0
-1666.0
-1597.0
-1769.0
-2195.0
-1783.0
-1577.0
-2771.0
-1799.0
-1737.0
-2194.0
-1416.0
-1663.0
-2349.0
-2167.0
-1729.0
-2231.0
-2721.0
-1630.0
-3242.0
-1679.0
-1931.0
-2421.0
-3083.0
-1977.0
-1721.0
-2430.0
-3189.0
-1447.0
-1413.0
-1831.0
-2002.0
-2417.0
-1104.0
-1786.0
-1851.0
-2158.0
-3632.0
-1403.0
-2416.0
-2134.0
-2130.0
-3751.0
-2454.0
-2317.0
-2929.0
-2383.0
-3308.0
-3547.0
-2509.0
-1983.0
-2140.0
-1783.0
-2317.0
-1933.0
-2196.0
-2713.0
-2270.0
-1310.0
-2287.0
-2167.0
-1529.0
-2468.0
-1963.0
-1706.0
-2091.0
-2627.0
-3280.0
-2461.0
-3164.0
-2646.0
-1819.0
-2559.0
-3382.0
-3381.0
-2703.0
-1548.0
-2969.0
-1603.0
-1622.0
-1698.0
-2125.0
-3680.0
-1669.0
-2304.0
-2228.0
-2810.0
-4721.0
-2294.0
-2131.0
-2980.0
-3313.0
-3855.0
-3451.0
-2013.0
-2625.0
-1866.0
-2836.0
-2848.0
-2545.0
-1807.0
-1759.0
-1981.0
-2714.0
-1981.0
-2201.0
-2152.0
-1635.0
-1708.0
-2548.0
-3062.0
-1984.0
-2758.0
-2324.0
-2190.0
-1828.0
-1779.0
-2036.0
-1546.0
-2943.0
-2132.0
-2652.0
-1527.0
-2935.0
-1973.0
-2446.0
-1842.0
-3766.0
-1623.0
-2128.0
-1743.0
-2204.0
-2152.0
-1421.0
-1620.0
-2316.0
-2268.0
-2159.0
-1616.0
-2443.0
-1886.0
-2323.0
-2290.0
-3027.0
-1795.0
-2849.0
-1426.0
-3318.0
-3265.0
-2994.0
-1713.0
-1773.0
-1970.0
-2727.0
-2195.0
-1867.0
-2013.0
-2219.0
-2330.0
-1680.0
-1881.0
-1155.0
-1683.0
-1996.0
-1690.0
-1670.0
-1931.0
-2132.0
-1611.0
-3039.0
-1691.0
-1565.0
-1739.0
-3735.0
-1890.0
-1854.0
-1401.0
-2318.0
-2108.0
-1608.0
-1667.0
-1803.0
-2845.0
-1576.0
-1842.0
-2529.0
-2261.0
-2141.0
-2044.0
-2295.0
-3971.0
-2143.0
-2310.0
-2278.0
-1573.0
-2539.0
-2078.0
-2842.0
-1976.0
-2416.0
-1606.0
-1392.0
-1743.0
-1809.0
-2881.0
-1594.0
-1641.0
-1745.0
-1538.0
-1817.0
-2641.0
-1777.0
-1221.0
-2414.0
-1515.0
-2423.0
-2388.0
-2662.0
-1655.0
-3695.0
-1363.0
-1514.0
-1700.0
-3621.0
-1848.0
-1438.0
-1579.0
-2341.0
-1544.0
-1611.0
-1655.0
-1671.0
-2177.0
-1534.0
-1488.0
-1989.0
-2280.0
-2453.0
-1711.0
-1973.0
-2206.0
-1941.0
-2051.0
-2188.0
-1992.0
-2486.0
-1952.0
-3882.0
-3024.0
-2004.0
-1587.0
-1166.0
-1863.0
-2227.0
-2648.0
-1769.0
-2221.0
-1847.0
-1549.0
-1834.0
-2530.0
-1485.0
-1617.0
-3236.0
-2383.0
-1588.0
-1935.0
-3444.0
-3817.0
-2242.0
-2892.0
-1685.0
-1745.0
-4338.0
-1539.0
-1799.0
-1590.0
-2080.0
-1864.0
-1538.0
-1825.0
-1501.0
-2461.0
-1873.0
-1755.0
-2257.0
-2319.0
-2002.0
-1934.0
-1786.0
-2571.0
-1962.0
-3953.0
-2719.0
-1523.0
-2737.0
-1480.0
-3096.0
-2703.0
-2512.0
-1921.0
-1635.0
-1654.0
-2321.0
-2150.0
-1915.0
-2535.0
-2373.0
-2282.0
-1994.0
-2930.0
-1635.0
-1788.0
-2320.0
-1655.0
-1506.0
-3486.0
-1737.0
-1582.0
-2769.0
-1871.0
-1713.0
-1703.0
-3601.0
-2198.0
-1795.0
-1915.0
-1441.0
-1372.0
-1853.0
-1383.0
-1837.0
-2743.0
-1640.0
-1409.0
-2058.0
-2240.0
-3157.0
-1952.0
-1563.0
-3395.0
-2238.0
-2823.0
-2415.0
-2154.0
-2306.0
-1767.0
-6194.0
-2158.0
-2055.0
-2507.0
-1224.0
-1712.0
-3513.0
-2654.0
-2044.0
-1659.0
-1625.0
-2323.0
-2278.0
-2355.0
-2727.0
-1400.0
-2822.0
-2176.0
-1496.0
-2635.0
-3611.0
-1835.0
-2184.0
-1519.0
-1874.0
-1660.0
-2762.0
-1870.0
-1620.0
-1793.0
-2101.0
-2000.0
-1591.0
-1485.0
-2500.0
-2869.0
-2556.0
-1481.0
-2047.0
-2554.0
-2536.0
-1842.0
-1756.0
-1822.0
-1853.0
-2198.0
-2675.0
-1895.0
-3193.0
-1830.0
-2370.0
-2192.0
-2186.0
-2025.0
-1585.0
-1492.0
-2296.0
-1939.0
-1411.0
-1193.0
-1419.0
-1581.0
-1661.0
-2114.0
-1843.0
-2191.0
-1923.0
-1651.0
-1481.0
-2338.0
-2358.0
-2176.0
-2040.0
-1468.0
-2044.0
-1785.0
-4413.0
-1254.0
-1505.0
-1925.0
-2052.0
-1478.0
-1496.0
-1613.0
-1501.0
-2362.0
-1405.0
-1392.0
-1539.0
-2016.0
-2438.0
-1600.0
-1756.0
-3122.0
-2371.0
-2378.0
-2449.0
-1759.0
-2588.0
-2482.0
-3810.0
-2125.0
-2011.0
-1663.0
-1286.0
-1487.0
-1956.0
-2088.0
-1839.0
-1953.0
-2039.0
-1460.0
-1604.0
-2289.0
-1768.0
-1363.0
-2954.0
-2045.0
-1463.0
-2293.0
-1862.0
-1991.0
-3279.0
-1751.0
-1758.0
-1968.0
-2665.0
-2874.0
-1418.0
-1514.0
-1633.0
-2757.0
-1324.0
-1645.0
-2021.0
-2541.0
-2062.0
-1822.0
-2747.0
-2193.0
-2200.0
-2065.0
-2696.0
-2299.0
-1811.0
-2197.0
-2498.0
-2247.0
-2341.0
-2451.0
-3532.0
-3495.0
-1934.0
-1621.0
-1218.0
-1543.0
-2114.0
-3379.0
-1723.0
-2743.0
-1427.0
-2390.0
-2018.0
-2106.0
-2986.0
-2290.0
-2797.0
-2006.0
-1703.0
-1808.0
-3223.0
-2237.0
-3886.0
-1674.0
-1824.0
-2450.0
-2973.0
-2163.0
-1533.0
-1929.0
-2282.0
-1838.0
-2009.0
-1714.0
-1934.0
-2014.0
-1260.0
-1603.0
-1874.0
-2557.0
-2549.0
-1545.0
-1988.0
-2391.0
-1630.0
-1834.0
-2115.0
-2003.0
-2700.0
-1975.0
-3521.0
-2674.0
-2856.0
-2039.0
-1317.0
-1576.0
-2052.0
-2670.0
-1936.0
-1400.0
-1549.0
-1553.0
-2284.0
-1792.0
-1519.0
-2226.0
-2457.0
-2300.0
-1915.0
-2311.0
-3010.0
-1589.0
-2410.0
-1735.0
-1248.0
-1497.0
-5578.0
-1429.0
-1497.0
-1605.0
-2005.0
-1442.0
-1655.0
-1649.0
-1867.0
-2239.0
-2361.0
-2277.0
-1909.0
-2490.0
-2871.0
-1405.0
-1682.0
-3735.0
-2232.0
-1747.0
-1741.0
-1655.0
-2612.0
-1528.0
-3289.0
-3586.0
-2055.0
-1554.0
-1879.0
-1264.0
-1833.0
-2503.0
-1669.0
-1319.0
-2377.0
-2075.0
-2095.0
-2745.0
-1253.0
-1707.0
-1678.0
-1409.0
-1494.0
-3002.0
-1974.0
-1891.0
-1960.0
-2225.0
-2039.0
-1710.0
-3411.0
-1378.0
-1904.0
-1445.0
-1949.0
-1650.0
-1461.0
-1578.0
-1670.0
-2425.0
-1114.0
-1508.0
-1787.0
-2882.0
-1958.0
-2045.0
-1541.0
-2559.0
-1898.0
-2793.0
-2120.0
-1935.0
-2347.0
-1505.0
-2891.0
-1909.0
-2144.0
-1613.0
-1542.0
-1653.0
-1385.0
-2155.0
-1588.0
-1977.0
-3054.0
-1489.0
-1988.0
-1722.0
-1909.0
-1045.0
-1649.0
-1554.0
-2767.0
-2281.0
-1972.0
-2100.0
-2244.0
-1719.0
-1436.0
-2447.0
-2786.0
-1847.0
-1584.0
-1656.0
-2119.0
-1672.0
-1292.0
-1541.0
-1705.0
-1987.0
-1413.0
-1809.0
-1444.0
-2163.0
-2387.0
-1497.0
-2355.0
-1828.0
-1497.0
-2991.0
-1836.0
-1747.0
-2340.0
-1623.0
-3242.0
-2115.0
-2055.0
-1573.0
-2228.0
-1619.0
-1716.0
-2416.0
-1495.0
-2072.0
-1609.0
-1317.0
-2413.0
-2658.0
-2790.0
-1023.0
-2401.0
-1475.0
-1676.0
-3049.0
-2518.0
-2072.0
-3810.0
-1878.0
-1582.0
-1692.0
-2512.0
-1894.0
-1592.0
-1488.0
-2320.0
-1555.0
-1756.0
-1792.0
-2264.0
-1395.0
-1638.0
-1359.0
-2517.0
-1919.0
-3251.0
-1374.0
-1626.0
-2442.0
-2123.0
-2410.0
-2020.0
-2227.0
-1962.0
-2824.0
-2949.0
-2251.0
-1674.0
-1643.0
-1095.0
-1458.0
-1937.0
-3073.0
-1527.0
-1468.0
-2051.0
-1812.0
-1833.0
-3139.0
-2027.0
-1577.0
-2353.0
-1815.0
-2065.0
-2366.0
-2275.0
-1493.0
-2454.0
-1539.0
-1536.0
-1828.0
-3234.0
-1922.0
-1384.0
-1414.0
-1969.0
-1734.0
-1707.0
-1251.0
-1784.0
-1886.0
-1341.0
-1889.0
-1528.0
-2818.0
-2555.0
-1388.0
-1692.0
-3518.0
-1920.0
-1816.0
-2033.0
-2009.0
-2998.0
-1610.0
-3130.0
-3009.0
-1694.0
-1925.0
-1294.0
-1603.0
-2090.0
-1987.0
-1616.0
-1318.0
-1266.0
-1165.0
-1584.0
-1832.0
-1774.0
-1549.0
-1780.0
-1829.0
-1405.0
-2143.0
-1716.0
-1702.0
-2027.0
-1636.0
-1275.0
-1413.0
-2981.0
-1596.0
-1391.0
-1501.0
-3238.0
-1382.0
-1225.0
-1441.0
-1350.0
-2974.0
-1736.0
-2206.0
-1668.0
-1735.0
-1972.0
-2715.0
-1489.0
-2880.0
-2294.0
-2303.0
-2094.0
-1561.0
-2156.0
-1464.0
-2683.0
-2200.0
-1648.0
-2072.0
-1605.0
-1736.0
-1873.0
-2090.0
-2191.0
-1191.0
-2092.0
-1351.0
-2360.0
-2767.0
-1414.0
-1530.0
-3686.0
-1921.0
-1413.0
-2450.0
-2403.0
-1477.0
-1972.0
-1542.0
-1732.0
-1732.0
-2832.0
-1650.0
-1306.0
-1379.0
-1418.0
-1777.0
-2280.0
-1249.0
-1700.0
-2947.0
-1301.0
-881.0
-1835.0
-2023.0
-2180.0
-1485.0
-1699.0
-1513.0
-1632.0
-2248.0
-2278.0
-1651.0
-2256.0
-1704.0
-2976.0
-2431.0
-1610.0
-1707.0
-1583.0
-1471.0
-1863.0
-1947.0
-1648.0
-1349.0
-1413.0
-1266.0
-1668.0
-2378.0
-1449.0
-1457.0
-1694.0
-1988.0
-1582.0
-1473.0
-2660.0
-1641.0
-2378.0
-2123.0
-1525.0
-1511.0
-3418.0
-1667.0
-1227.0
-1589.0
-3652.0
-1522.0
-1703.0
-1544.0
-1686.0
-3399.0
-1662.0
-1402.0
-1629.0
-1982.0
-1974.0
-1414.0
-2505.0
-1547.0
-1931.0
-2123.0
-4070.0
-1494.0
-2076.0
-1385.0
-3051.0
-2051.0
-2385.0
-1829.0
-1666.0
-1994.0
-1916.0
-1665.0
-1465.0
-1861.0
-1575.0
-1424.0
-2225.0
-2057.0
-2451.0
-1213.0
-1544.0
-1323.0
-1471.0
-1986.0
-2495.0
-1538.0
-2915.0
-1423.0
-1349.0
-1624.0
-2898.0
-1400.0
-1199.0
-1855.0
-1818.0
-1672.0
-1449.0
-1782.0
-1961.0
-2259.0
-1414.0
-1536.0
-1624.0
-2107.0
-2336.0
-1543.0
-1780.0
-3212.0
-2027.0
-1991.0
-2393.0
-1609.0
-2415.0
-1790.0
-3270.0
-1805.0
-1605.0
-1397.0
-1401.0
-1347.0
-2186.0
-1781.0
-1333.0
-1376.0
-1301.0
-1172.0
-1680.0
-2127.0
-2488.0
-1962.0
-1909.0
-1424.0
-1471.0
-2169.0
-1925.0
-1568.0
-2756.0
-2087.0
-1253.0
-1527.0
-1865.0
-1337.0
-1542.0
-1704.0
-2164.0
-1763.0
-1319.0
-1656.0
-1906.0
-2018.0
-1385.0
-1036.0
-1422.0
-2227.0
-2334.0
-1698.0
-2213.0
-2486.0
-1548.0
-2266.0
-2306.0
-1637.0
-2444.0
-1665.0
-3338.0
-2599.0
-2431.0
-2513.0
-1485.0
-1267.0
-1681.0
-1883.0
-2270.0
-1589.0
-1675.0
-1312.0
-1606.0
-1832.0
-1386.0
-1543.0
-1701.0
-1606.0
-1638.0
-1765.0
-2150.0
-1714.0
-2901.0
-1539.0
-1387.0
-1754.0
-2420.0
-1366.0
-2260.0
-1506.0
-1694.0
-1522.0
-1779.0
-1977.0
-1829.0
-2285.0
-1600.0
-1273.0
-1450.0
-2294.0
-2111.0
-2461.0
-1243.0
-2170.0
-1534.0
-2365.0
-1868.0
-1408.0
-2190.0
-1867.0
-2772.0
-2327.0
-2585.0
-1634.0
-1243.0
-1685.0
-1360.0
-1920.0
-1543.0
-1691.0
-1638.0
-1273.0
-1625.0
-1707.0
-1441.0
-1284.0
-1671.0
-1508.0
-1558.0
-1653.0
-2081.0
-2480.0
-2630.0
-1303.0
-1309.0
-2053.0
-2359.0
-1476.0
-1856.0
-2273.0
-1488.0
-1154.0
-1628.0
-1211.0
-1936.0
-1809.0
-1287.0
-1311.0
-2072.0
-1739.0
-2833.0
-1480.0
-1484.0
-2125.0
-2607.0
-2370.0
-2026.0
-2606.0
-2812.0
-2220.0
-2953.0
-2154.0
-1937.0
-1425.0
-1242.0
-1141.0
-1500.0
-1674.0
-1304.0
-1192.0
-1369.0
-1212.0
-1891.0
-3066.0
-1341.0
-1952.0
-2379.0
-1602.0
-1365.0
-1754.0
-2503.0
-1436.0
-2154.0
-1258.0
-1770.0
-3179.0
-2603.0
-1602.0
-1678.0
-1733.0
-1793.0
-1048.0
-1351.0
-1122.0
-1631.0
-1875.0
-747.0
-983.0
-1935.0
-1878.0
-1560.0
-1367.0
-1715.0
-2336.0
-1760.0
-1865.0
-2025.0
-1415.0
-2257.0
-1597.0
-3138.0
-2046.0
-2087.0
-1830.0
-1609.0
-1621.0
-1608.0
-1543.0
-1836.0
-1622.0
-1448.0
-1243.0
-1727.0
-2204.0
-1248.0
-1560.0
-1935.0
-1597.0
-1350.0
-2634.0
-2040.0
-1587.0
-2604.0
-1617.0
-1220.0
-1738.0
-2287.0
-1830.0
-1294.0
-1666.0
-2916.0
-1316.0
-1293.0
-3451.0
-1881.0
-1989.0
-1146.0
-973.0
-1481.0
-2373.0
-3495.0
-1594.0
-2013.0
-2639.0
-1437.0
-2579.0
-1765.0
-1298.0
-2202.0
-1801.0
-3678.0
-2134.0
-2008.0
-1540.0
-1377.0
-1239.0
-1624.0
-1650.0
-2809.0
-1563.0
-1470.0
-1721.0
-1685.0
-1659.0
-1377.0
-1815.0
-1972.0
-1408.0
-1582.0
-2445.0
-1855.0
-1671.0
-2282.0
-1717.0
-1458.0
-1510.0
-2800.0
-1664.0
-1906.0
-1444.0
-2646.0
-1556.0
-1559.0
-2001.0
-1471.0
-2004.0
-1083.0
-1383.0
-1366.0
-2597.0
-1890.0
-1498.0
-1659.0
-1732.0
-1543.0
-2224.0
-1753.0
-1482.0
-2132.0
-1664.0
-2276.0
-3572.0
-1649.0
-1766.0
-1283.0
-976.0
-1314.0
-1721.0
-1468.0
-1863.0
-1592.0
-1869.0
-2523.0
-2548.0
-933.0
-1279.0
-1477.0
-1541.0
-1340.0
-1866.0
-2293.0
-1905.0
-2186.0
-1403.0
-1265.0
-1820.0
-2784.0
-1427.0
-1487.0
-1454.0
-1593.0
-1265.0
-2075.0
-1270.0
-1729.0
-1611.0
-1424.0
-1639.0
-1482.0
-1788.0
-1917.0
-1345.0
-1536.0
-1792.0
-1550.0
-2580.0
-1686.0
-1639.0
-2383.0
-1528.0
-3042.0
-1812.0
-2542.0
-1551.0
-2549.0
-1773.0
-2452.0
-2031.0
-2189.0
-1416.0
-1734.0
-931.0
-2602.0
-1746.0
-1170.0
-1407.0
-2018.0
-1462.0
-1609.0
-1671.0
-2765.0
-1485.0
-2296.0
-1356.0
-1187.0
-1548.0
-2279.0
-2122.0
-1492.0
-1408.0
-1833.0
-1241.0
-1543.0
-1405.0
-2236.0
-1636.0
-1240.0
-1272.0
-1612.0
-1892.0
-2372.0
-1502.0
-1497.0
-1971.0
-1718.0
-2202.0
-1863.0
-1417.0
-2142.0
-1486.0
-2635.0
-4369.0
-1576.0
-1833.0
-1805.0
-1201.0
-1412.0
-1376.0
-1318.0
-1286.0
-1541.0
-1338.0
-1915.0
-2415.0
-1220.0
-1671.0
-2025.0
-1503.0
-1496.0
-1615.0
-2211.0
-1278.0
-3269.0
-1424.0
-1236.0
-1435.0
-3407.0
-1460.0
-1779.0
-1388.0
-2180.0
-1783.0
-1763.0
-2533.0
-1651.0
-1440.0
-1165.0
-1422.0
-1373.0
-2146.0
-2910.0
-1213.0
-1260.0
-2593.0
-1849.0
-2110.0
-1817.0
-2006.0
-1957.0
-1738.0
-2358.0
-1705.0
-2270.0
-1715.0
-1321.0
-1208.0
-1777.0
-2119.0
-1644.0
-1539.0
-1565.0
-2301.0
-2307.0
-1557.0
-1093.0
-1401.0
-1729.0
-1846.0
-1168.0
-1678.0
-2054.0
-1420.0
-1803.0
-1302.0
-1648.0
-1469.0
-2070.0
-1317.0
-1471.0
-1347.0
-1721.0
-1312.0
-1475.0
-1637.0
-1541.0
-2223.0
-1197.0
-1142.0
-1652.0
-1564.0
-2063.0
-1356.0
-1732.0
-1935.0
-1588.0
-1923.0
-1787.0
-1379.0
-2842.0
-1778.0
-2492.0
-2066.0
-2583.0
-1686.0
-1379.0
-1360.0
-1386.0
-1785.0
-1717.0
-1160.0
-1195.0
-911.0
-1412.0
-1533.0
-1122.0
-1588.0
-1884.0
-1591.0
-1431.0
-1519.0
-2159.0
-1511.0
-2332.0
-1381.0
-1329.0
-1519.0
-2197.0
-1281.0
-1297.0
-1747.0
-2348.0
-1596.0
-1254.0
-1439.0
-1902.0
-1876.0
-1400.0
-1101.0
-1817.0
-1963.0
-2664.0
-1241.0
-1411.0
-1784.0
-1840.0
-3061.0
-1985.0
-1242.0
-2385.0
-1815.0
-3448.0
-2469.0
-1692.0
-1348.0
-1187.0
-1210.0
-1706.0
-1735.0
-1549.0
-1529.0
-1175.0
-838.0
-1706.0
-1640.0
-1329.0
-1321.0
-1961.0
-1214.0
-1833.0
-1494.0
-1769.0
-1361.0
-1954.0
-1281.0
-1511.0
-1435.0
-2594.0
-1414.0
-1401.0
-1448.0
-1642.0
-1306.0
-1254.0
-1299.0
-1661.0
-1910.0
-1033.0
-1321.0
-1501.0
-1901.0
-2724.0
-1696.0
-1522.0
-2636.0
-2124.0
-2491.0
-1771.0
-1732.0
-2056.0
-1540.0
-2854.0
-2416.0
-2124.0
-1440.0
-1233.0
-917.0
-1908.0
-1725.0
-2459.0
-1403.0
-1608.0
-1077.0
-1632.0
-1831.0
-1598.0
-1493.0
-2175.0
-1640.0
-1246.0
-2378.0
-1819.0
-2575.0
-1977.0
-1565.0
-1418.0
-1313.0
-2469.0
-1690.0
-1420.0
-1459.0
-1949.0
-1186.0
-1282.0
-1298.0
-1502.0
-1827.0
-1373.0
-1451.0
-1963.0
-2475.0
-1673.0
-1246.0
-1550.0
-2026.0
-2012.0
-1801.0
-1601.0
-1578.0
-2367.0
-1653.0
-1993.0
-1615.0
-1775.0
-1826.0
-1557.0
-1300.0
-2102.0
-1651.0
-1905.0
-1436.0
-1319.0
-1200.0
-3326.0
-2188.0
-1369.0
-2014.0
-2311.0
-2208.0
-1465.0
-1117.0
