-22643.0
-22009.0
-18113.0
-17658.0
-20241.0
-15932.0
-20336.0
-10167.0
-15119.0
-17684.0
-14796.0
-14842.0
-12274.0
-16849.0
-17659.0
-12105.0
-7235.0
-15149.0
-16845.0
-18905.0
-22735.0
-13049.0
-12194.0
-14668.0
-15993.0
-11067.0
-15830.0
-16721.0
-19615.0
-20034.0
-17311.0
-20499.0
-21656.0
-13531.0
-16439.0
-13680.0
-17341.0
-13203.0
-10463.0
-11147.0
-9524.0
-15064.0
-16060.0
-14002.0
-6595.0
-10844.0
-10789.0
-9990.0
-10958.0
-16696.0
-14223.0
-11095.0
-17890.0
-11679.0
-16227.0
-13252.0
-20832.0
-14399.0
-12605.0
-9774.0
-18566.0
-12925.0
-10640.0
-10360.0
-15623.0
-25053.0
-7565.0
-8738.0
-20872.0
-23470.0
-17908.0
-8124.0
-10323.0
-16882.0
-15617.0
-14913.0
-14768.0
-14507.0
-13872.0
-10590.0
-17340.0
-14722.0
-11428.0
-16989.0
-12689.0
-8695.0
-18355.0
-11066.0
-6999.0
-9974.0
-9701.0
-16446.0
-15867.0
-14106.0
-8181.0
-14795.0
-15996.0
-11100.0
-8802.0
-16503.0
-21371.0
-17605.0
-18184.0
-12051.0
-16207.0
-16476.0
-17698.0
-15871.0
-12348.0
-10296.0
-13635.0
-12274.0
-12176.0
-11549.0
-14488.0
-18148.0
-8495.0
-12779.0
-14212.0
-17514.0
-15027.0
-11917.0
-15059.0
-16508.0
-14848.0
-11654.0
-10836.0
-11748.0
-19553.0
-14391.0
-20073.0
-13732.0
-14377.0
-11890.0
-6277.0
-8698.0
-16459.0
-9662.0
-9212.0
-9142.0
-11866.0
-3993.0
-17736.0
-11054.0
-8700.0
-7658.0
-9044.0
-13200.0
-8386.0
-15241.0
-8876.0
-16771.0
-18706.0
-12036.0
-8419.0
-14984.0
-20320.0
-7981.0
-8036.0
-11386.0
-11963.0
-6323.0
-6565.0
-7276.0
-9491.0
-13736.0
-6426.0
-11312.0
-17299.0
-13381.0
-12585.0
-12446.0
-12112.0
-13310.0
-13235.0
-10100.0
-11948.0
-13009.0
-14488.0
-10536.0
-10518.0
-13954.0
-10929.0
-12192.0
-7788.0
-11136.0
-8061.0
-18016.0
-9019.0
-9613.0
-7495.0
-5786.0
-14065.0
-10059.0
-6165.0
-8731.0
-11200.0
-15921.0
-9207.0
-10767.0
-11876.0
-8068.0
-20011.0
-9462.0
-12307.0
-13228.0
-12940.0
-8750.0
-11618.0
-8195.0
-10758.0
-8510.0
-7341.0
-10494.0
-11389.0
-15129.0
-12840.0
-9710.0
-16189.0
-14045.0
-14397.0
-9350.0
-12945.0
-11407.0
-10379.0
-7859.0
-12313.0
-5659.0
-9869.0
-11662.0
-7515.0
-18233.0
-13974.0
-10406.0
-11127.0
-6462.0
-15078.0
-14330.0
-8667.0
-10210.0
-3411.0
-9636.0
-17389.0
-11373.0
-7290.0
-5393.0
-15738.0
-21171.0
-9055.0
-10174.0
-12938.0
-6129.0
-24648.0
-8688.0
-10346.0
-14748.0
-7637.0
-10711.0
-5925.0
-8633.0
-9321.0
-11357.0
-5823.0
-8289.0
-14268.0
-13205.0
-6113.0
-5210.0
-6714.0
-16690.0
-10406.0
-8754.0
-9553.0
-9027.0
-10949.0
-8453.0
-9223.0
-6144.0
-12974.0
-11678.0
-9868.0
-11308.0
-12948.0
-11505.0
-4578.0
-5159.0
-9062.0
-14069.0
-5169.0
-7086.0
-8536.0
-4933.0
-10832.0
-12837.0
-7051.0
-8039.0
-14148.0
-11034.0
-6731.0
-16481.0
-13224.0
-11647.0
-15085.0
-8746.0
-6963.0
-7265.0
-14965.0
-9698.0
-7113.0
-7457.0
-11353.0
-5516.0
-6882.0
-7907.0
-7846.0
-11968.0
-8623.0
-5838.0
-8908.0
-7869.0
-12958.0
-10905.0
-14940.0
-7553.0
-5147.0
-12668.0
-8966.0
-6728.0
-16597.0
-7191.0
-14410.0
-13678.0
-10837.0
-8036.0
-7618.0
-8464.0
-12756.0
-6926.0
-5890.0
-7123.0
-6066.0
-8118.0
-9893.0
-9872.0
-7268.0
-6390.0
-8829.0
-8880.0
-5368.0
-11690.0
-14251.0
-5168.0
-17623.0
-4752.0
-11192.0
-9494.0
-9792.0
-10306.0
-10626.0
-8337.0
-13419.0
-6039.0
-13019.0
-10342.0
-11326.0
-9655.0
-6486.0
-4524.0
-13335.0
-9614.0
-8468.0
-3496.0
-8509.0
-11181.0
-8447.0
-8545.0
-10408.0
-9216.0
-12534.0
-8401.0
-9584.0
-14053.0
-12843.0
-6066.0
-3922.0
-4649.0
-8672.0
-10676.0
-8035.0
-7502.0
-6085.0
-8752.0
-8442.0
-8570.0
-5507.0
-5454.0
-11816.0
-10626.0
-5545.0
-6210.0
-7393.0
-9852.0
-11948.0
-4873.0
-6190.0
-3045.0
-10242.0
-10023.0
-8574.0
-4305.0
-7935.0
-7001.0
-5534.0
-4472.0
-7579.0
-10105.0
-4825.0
-5450.0
-10765.0
-9302.0
-10091.0
-4525.0
-7069.0
-6409.0
-8742.0
-4937.0
-9661.0
-4119.0
-8009.0
-8318.0
-10550.0
-9524.0
-7900.0
-10279.0
-5131.0
-5184.0
-13685.0
-8161.0
-8256.0
-4493.0
-7535.0
-3401.0
-9764.0
-10804.0
-4286.0
-4971.0
-6822.0
-9361.0
-4378.0
-10054.0
-8744.0
-7397.0
-13624.0
-12273.0
-8570.0
-5965.0
-8786.0
-9346.0
-7816.0
-5497.0
-10117.0
-3330.0
-5137.0
-11423.0
-6990.0
-15101.0
-3614.0
-5179.0
-10366.0
-8927.0
-9188.0
-6009.0
-9107.0
-5020.0
-5190.0
-6979.0
-5029.0
-2759.0
-13142.0
-9999.0
-6272.0
-6166.0
-9611.0
-3649.0
-4304.0
-5581.0
-12599.0
-9222.0
-3773.0
-8385.0
-5805.0
-2796.0
-9721.0
-4731.0
-4602.0
-6097.0
-8662.0
-11423.0
-6314.0
-11019.0
-8532.0
-4374.0
-18913.0
-6252.0
-7948.0
-6977.0
-8146.0
-7744.0
-3386.0
-4161.0
-7316.0
-4864.0
-3386.0
-6310.0
-5582.0
-12743.0
-5396.0
-3529.0
-6868.0
-10704.0
-8621.0
-3520.0
-3308.0
-8276.0
-4408.0
-4096.0
-4751.0
-5300.0
-9659.0
-7417.0
-7000.0
-7314.0
-7407.0
-4071.0
-2894.0
-5096.0
-9974.0
-2762.0
-4354.0
-8028.0
-3961.0
-6403.0
-5895.0
-9380.0
-4658.0
-4618.0
-10088.0
-7251.0
-3487.0
-5704.0
-5373.0
-5515.0
-9036.0
-7313.0
-4791.0
-2069.0
-6704.0
-5867.0
-5865.0
-5213.0
-7493.0
-4091.0
-4632.0
-3280.0
-6857.0
-15551.0
-3801.0
-4733.0
-4093.0
-7745.0
-6838.0
-4839.0
-7626.0
-6356.0
-6540.0
-8082.0
-4415.0
-2754.0
-4462.0
-4607.0
-5303.0
-4208.0
-7770.0
-3372.0
-2617.0
-2285.0
-5873.0
-4305.0
-5505.0
-4872.0
-4426.0
-2997.0
-4770.0
-5337.0
-3536.0
-4045.0
-5436.0
-7330.0
-4708.0
-5736.0
-5714.0
-3067.0
-6543.0
-7211.0
-5721.0
-4660.0
-7232.0
-7620.0
-6635.0
-2853.0
-5645.0
-3496.0
-2872.0
-4436.0
-2457.0
-10594.0
-3581.0
-3540.0
-6979.0
-7427.0
-6448.0
-5168.0
-6519.0
-7586.0
-6972.0
-3766.0
-5626.0
-6070.0
-5157.0
-5894.0
-6249.0
-5414.0
-8180.0
-3749.0
-2946.0
-3974.0
-10265.0
-3942.0
-3357.0
-5526.0
-5162.0
-3495.0
-4073.0
-5850.0
-3417.0
-3325.0
-4037.0
-4221.0
-3437.0
-2985.0
-7236.0
-5661.0
-6073.0
-3964.0
-4391.0
-4565.0
-9855.0
-5529.0
-3289.0
-3923.0
-9697.0
-3003.0
-3321.0
-3711.0
-4877.0
-4949.0
-3675.0
-5694.0
-6966.0
-6297.0
-10627.0
-3167.0
-3302.0
-4505.0
-8615.0
-6820.0
-4691.0
-2541.0
-4312.0
-2884.0
-6724.0
-3572.0
-5984.0
-4497.0
-2174.0
-2806.0
-9377.0
-5568.0
-2770.0
-3964.0
-4440.0
-3298.0
-4472.0
-4286.0
-3364.0
-2822.0
-5368.0
-3097.0
-2683.0
-3675.0
-7610.0
-6079.0
-9007.0
-2613.0
-2376.0
-3404.0
-7074.0
-2935.0
-2452.0
-2616.0
-7546.0
-1584.0
-2413.0
-3990.0
-5645.0
-7137.0
-3121.0
-3340.0
-6695.0
-6946.0
-2764.0
-5113.0
-4801.0
-3845.0
-5524.0
-5029.0
-4193.0
-3561.0
-6018.0
-2871.0
-5329.0
-8210.0
-7103.0
-4268.0
-2541.0
-3291.0
-6226.0
-3251.0
-2708.0
-3795.0
-4222.0
-1796.0
-3353.0
-7836.0
-3402.0
-3497.0
-3245.0
-3401.0
-3764.0
-5633.0
-8360.0
-5229.0
-13278.0
-4916.0
-3176.0
-2931.0
-4929.0
-4637.0
-3078.0
-1906.0
-6107.0
-2405.0
-2774.0
-3437.0
-5656.0
-3163.0
-2417.0
-3310.0
-5176.0
-4871.0
-8958.0
-2451.0
-2784.0
-4589.0
-3497.0
-7132.0
-4975.0
-3156.0
-6267.0
-4325.0
-6419.0
-5259.0
-3727.0
-4735.0
-2258.0
-2308.0
-6825.0
-4905.0
-2448.0
-5422.0
-2690.0
-5110.0
-4963.0
-5205.0
-2253.0
-3371.0
-4051.0
-5585.0
-2810.0
-4746.0
-7560.0
-3459.0
-7478.0
-4180.0
-3894.0
-3856.0
-3772.0
-5135.0
-4463.0
-2298.0
-4486.0
-3222.0
-2278.0
-4606.0
-2752.0
-7353.0
-3751.0
-2042.0
-3716.0
-4469.0
-4701.0
-2706.0
-6817.0
-5989.0
-3653.0
-6210.0
-3577.0
-2092.0
-3882.0
-3181.0
-6721.0
-4843.0
-4516.0
-3369.0
-2561.0
-3086.0
-5507.0
-2643.0
-3119.0
-2848.0
-1915.0
-3141.0
-3450.0
-5856.0
-2914.0
-2361.0
-4225.0
-3850.0
-3050.0
-4126.0
-4793.0
-5974.0
-7722.0
-2985.0
-3645.0
-3081.0
-4287.0
-4120.0
-2521.0
-2929.0
-4429.0
-2896.0
-2497.0
-2737.0
-4565.0
-6581.0
-2405.0
-2340.0
-3786.0
-4175.0
-3361.0
-2172.0
-2371.0
-3046.0
-3252.0
-3376.0
-3002.0
-3231.0
-3914.0
-4833.0
-5290.0
-3622.0
-3241.0
-2657.0
-2642.0
-2120.0
-5075.0
-2505.0
-4356.0
-2853.0
-2992.0
-2534.0
-3313.0
-3497.0
-2869.0
-2378.0
-5562.0
-3452.0
-2168.0
-3201.0
-4425.0
-3516.0
-5859.0
-2352.0
-2860.0
-2816.0
-4250.0
-3417.0
-2305.0
-1938.0
-4395.0
-2286.0
-1908.0
-2761.0
-3023.0
-5240.0
-2634.0
-1998.0
-3138.0
-3958.0
-3096.0
-2232.0
-5137.0
-3037.0
-1948.0
-4262.0
-3119.0
-2259.0
-6758.0
-2784.0
-3940.0
-4019.0
-3922.0
-2879.0
-2097.0
-2050.0
-4020.0
-2456.0
-3440.0
-2084.0
-2672.0
-2181.0
-7195.0
-3897.0
-2095.0
-2930.0
-6078.0
-4734.0
-2469.0
-3190.0
-2895.0
-2978.0
-4569.0
-3675.0
-1958.0
-2126.0
-3364.0
-3269.0
-2443.0
-2662.0
-4230.0
-1921.0
-2525.0
-2120.0
-3108.0
-5261.0
-2291.0
-2289.0
-5486.0
-4115.0
-5327.0
-1984.0
-2111.0
-2793.0
-3204.0
-3446.0
-4649.0
-1943.0
-3370.0
-3397.0
-4845.0
-5175.0
-6287.0
-2527.0
-2253.0
-2344.0
-5608.0
-2298.0
-2324.0
-3714.0
-1900.0
-2144.0
-4187.0
-2923.0
-2127.0
-2581.0
-2972.0
-5579.0
-3780.0
-2509.0
-2943.0
-4290.0
-7583.0
-5034.0
-2653.0
-2213.0
-3856.0
-3559.0
-2104.0
-2406.0
-3859.0
-2270.0
-2535.0
-2441.0
-3121.0
-6003.0
-2475.0
-2580.0
-2980.0
-3606.0
-4077.0
-2202.0
-2399.0
-3126.0
-2522.0
-5110.0
-2176.0
-3057.0
-3516.0
-4913.0
-3558.0
-3078.0
-2892.0
-2125.0
-2558.0
-2034.0
-3779.0
-1998.0
-2178.0
-2554.0
-2195.0
-2151.0
-4527.0
-3239.0
-1427.0
-2189.0
-4790.0
-4093.0
-3293.0
-3000.0
-5062.0
-3102.0
-6794.0
-2672.0
-2996.0
-2199.0
-4695.0
-2514.0
-2508.0
-1965.0
-3591.0
-1487.0
-2155.0
-1545.0
-3771.0
-5257.0
-2673.0
-1761.0
-3091.0
-3422.0
-3604.0
-2962.0
-2544.0
-3325.0
-2492.0
-5718.0
-3668.0
-2027.0
-4000.0
-2168.0
-4696.0
-4134.0
-3447.0
-2502.0
-2156.0
-2353.0
-2939.0
-2481.0
-2210.0
-5277.0
-2463.0
-2555.0
-1919.0
-3227.0
-2125.0
-1709.0
-4127.0
-3387.0
-2766.0
-3065.0
-2929.0
-3598.0
-5523.0
-3088.0
-3350.0
-2249.0
-2794.0
-3011.0
-1650.0
-2184.0
-3219.0
-1834.0
-2145.0
-2477.0
-3805.0
-4972.0
-1861.0
-3076.0
-4862.0
-3242.0
-2809.0
-2394.0
-2361.0
-3808.0
-2297.0
-3209.0
-3532.0
-2209.0
-3329.0
-2415.0
-4874.0
-4415.0
-2575.0
-1965.0
-1896.0
-2485.0
-4934.0
-1639.0
-2254.0
-2161.0
-2458.0
-1894.0
-2199.0
-3998.0
-1642.0
-2563.0
-3050.0
-3135.0
-1547.0
-3779.0
-3370.0
-2110.0
-3351.0
-1755.0
-1940.0
-2064.0
-4060.0
-3124.0
-2098.0
-1877.0
-3368.0
-1425.0
-2153.0
-1971.0
-4114.0
-3881.0
-2034.0
-1985.0
-2839.0
-3041.0
-3324.0
-2504.0
-2977.0
-2817.0
-2458.0
-3194.0
-3770.0
-1863.0
-4897.0
-2837.0
-5078.0
-4257.0
-2292.0
-2287.0
-1643.0
-2162.0
-3945.0
-2721.0
-2234.0
-2141.0
-1483.0
-2078.0
-2493.0
-4781.0
-1400.0
-2117.0
-3335.0
-2954.0
-1691.0
-2370.0
-2779.0
-2975.0
-6190.0
-2266.0
-1727.0
-2582.0
-3688.0
-2633.0
-1870.0
-2058.0
-2793.0
-1738.0
-2481.0
-1533.0
-2425.0
-3838.0
-1498.0
-1864.0
-3477.0
-2832.0
-3196.0
-3087.0
-2671.0
-2408.0
-3076.0
-2681.0
-2373.0
-1981.0
-4026.0
-2252.0
-3132.0
-3145.0
-2878.0
-2468.0
-1892.0
-1601.0
-3432.0
-2914.0
-1465.0
-2191.0
-1663.0
-2090.0
-2269.0
-5091.0
-1432.0
-1300.0
-2674.0
-2877.0
-2374.0
-2632.0
-3501.0
-1870.0
-3749.0
-2265.0
-1877.0
-1790.0
-3453.0
-2211.0
-1796.0
-2032.0
-2485.0
-2280.0
-1750.0
-1828.0
-3424.0
-3410.0
-1856.0
-1950.0
-1924.0
-2425.0
-2801.0
-1815.0
-2202.0
-2892.0
-2230.0
-2362.0
-3009.0
-2694.0
-4326.0
-3071.0
-3943.0
-3787.0
-2642.0
-1704.0
-1782.0
-1769.0
-3355.0
-2442.0
-2255.0
-1828.0
-1699.0
-1733.0
-2395.0
-1711.0
-1775.0
-2291.0
-1827.0
-3796.0
-1840.0
-2742.0
-3490.0
-2510.0
-3451.0
-2395.0
-1848.0
-2027.0
-3411.0
-2433.0
-3932.0
-2729.0
-2986.0
-2399.0
-1604.0
-2308.0
-4024.0
-3184.0
-1536.0
-2063.0
-3495.0
-2741.0
-3866.0
-2128.0
-2379.0
-1966.0
-2216.0
-3373.0
-2309.0
-1528.0
-2408.0
-2526.0
-3208.0
-5115.0
-2969.0
-2072.0
-2150.0
-1610.0
-2695.0
-2243.0
-1765.0
-2216.0
-2002.0
-1390.0
-3183.0
-2184.0
-2137.0
-1742.0
-2195.0
-3874.0
-1482.0
-1634.0
-2752.0
-3526.0
-4363.0
-2118.0
-2007.0
-2023.0
-4977.0
-2421.0
-1714.0
-2012.0
-2810.0
-2034.0
-1591.0
-1574.0
-2908.0
-3111.0
-1667.0
-2266.0
-2350.0
-2540.0
-4566.0
-1989.0
-1940.0
-3952.0
-4716.0
-5768.0
-3402.0
-2108.0
-2925.0
-2335.0
-4240.0
-3541.0
-2828.0
-2951.0
-1668.0
-2775.0
-3307.0
-1955.0
-2146.0
-2158.0
-1679.0
-2395.0
-2819.0
-2577.0
-1696.0
-2533.0
-3686.0
-3266.0
-2257.0
-2408.0
-3023.0
-2409.0
-5663.0
-3475.0
-2353.0
-2872.0
-3050.0
-2510.0
-2321.0
-2308.0
-2387.0
-1832.0
-1798.0
-2210.0
-2361.0
-4746.0
-1825.0
-1516.0
-3641.0
-2738.0
-2910.0
-2526.0
-2774.0
-2362.0
-1944.0
-3596.0
-3391.0
-1726.0
-3147.0
-2795.0
-4717.0
-2615.0
-2287.0
-1970.0
-1572.0
-1740.0
-2007.0
-2572.0
-1568.0
-1790.0
-1580.0
-1789.0
-2410.0
-3048.0
-1537.0
-2576.0
-2268.0
-2835.0
-1200.0
-2842.0
-3615.0
-2144.0
-3492.0
-1709.0
-1793.0
-1569.0
-3519.0
-1947.0
-1772.0
-1587.0
-4815.0
-1646.0
-2080.0
-1926.0
-2815.0
-4736.0
-1633.0
-1804.0
-3687.0
-2892.0
-3373.0
-1976.0
-2175.0
-3170.0
-2147.0
-2515.0
-3040.0
-1536.0
-3624.0
-3164.0
-4438.0
-2386.0
-1940.0
-2606.0
-1545.0
-1854.0
-2458.0
-1938.0
-1565.0
-1956.0
-1617.0
-1594.0
-2231.0
-2368.0
-1491.0
-1885.0
-1956.0
-2619.0
-1895.0
-2097.0
-3865.0
-2142.0
-4632.0
-2649.0
-2018.0
-2438.0
-3311.0
-3222.0
-1605.0
-3083.0
-2765.0
-1319.0
-2180.0
-2833.0
-2772.0
-3241.0
-1490.0
-1620.0
-2199.0
-2932.0
-2752.0
-1529.0
-2015.0
-2392.0
-2101.0
-2159.0
-2535.0
-2494.0
-2944.0
-1953.0
-4189.0
-2701.0
-1986.0
-2285.0
-2030.0
-1571.0
-3199.0
-3628.0
-1503.0
-1840.0
-2011.0
-1655.0
-2496.0
-1768.0
-1425.0
-1683.0
-2042.0
-1870.0
-1796.0
-2657.0
-2314.0
-3859.0
-3122.0
-2471.0
-1677.0
-2625.0
-3337.0
-2128.0
-1307.0
-1696.0
-2001.0
-1526.0
-1430.0
-1780.0
-2240.0
-5545.0
-1811.0
-1672.0
-2125.0
-2215.0
-3869.0
-1812.0
-3954.0
-2533.0
-1422.0
-1850.0
-2171.0
-1423.0
-3739.0
-3196.0
-3555.0
-2639.0
-3436.0
-1721.0
-1463.0
-1412.0
-2094.0
-1856.0
-1875.0
-2537.0
-1708.0
-2485.0
-1738.0
-3110.0
-1713.0
-1634.0
-2095.0
-2011.0
-1320.0
-3097.0
-3189.0
-4111.0
-4899.0
-3112.0
-1848.0
-1839.0
-2775.0
-1843.0
-2032.0
-1664.0
-2850.0
-1951.0
-1628.0
-1577.0
-2845.0
-3117.0
-1542.0
-1685.0
-2325.0
-2938.0
-2876.0
-1524.0
-1726.0
-2227.0
-1420.0
-3558.0
-1872.0
-1511.0
-3076.0
-2433.0
-3555.0
-2305.0
-1816.0
-1911.0
-1583.0
-1301.0
-3443.0
-1869.0
-1438.0
-1727.0
-1730.0
-1786.0
-1998.0
-2318.0
-1594.0
-3491.0
-2099.0
-2193.0
-1432.0
-2073.0
-3430.0
-2723.0
-2825.0
-2719.0
-1580.0
-1905.0
-2461.0
-2566.0
-1969.0
-2049.0
-2080.0
-2022.0
-1208.0
-2367.0
-2288.0
-4521.0
-1773.0
-1476.0
-4011.0
-3484.0
-2154.0
-2534.0
-2877.0
-2800.0
-1806.0
-2884.0
-2292.0
-1657.0
-3687.0
-2939.0
-3943.0
-2947.0
-1736.0
-1426.0
-1810.0
-1701.0
-1835.0
-2314.0
-1595.0
-1929.0
-1529.0
-1461.0
-2108.0
-2462.0
-1659.0
-1652.0
-3428.0
-1904.0
-1574.0
-1370.0
-2234.0
-2284.0
-4738.0
-2352.0
-1969.0
-2205.0
-2932.0
-2101.0
-2306.0
-1434.0
-2268.0
-1423.0
-1904.0
-1608.0
-2897.0
-2617.0
-1507.0
-1444.0
-3168.0
-2459.0
-2722.0
-1724.0
-2090.0
-2950.0
-1779.0
-4065.0
-2209.0
-1474.0
-3881.0
-2572.0
-3389.0
-3144.0
-2260.0
-1533.0
-1619.0
-1822.0
-2876.0
-2372.0
-1401.0
-2071.0
-2966.0
-2623.0
-2275.0
-3093.0
-1632.0
-1891.0
-1421.0
-2126.0
-1692.0
-1888.0
-3074.0
-3175.0
-2850.0
-1789.0
-1915.0
-1869.0
-2979.0
-2068.0
-1581.0
-1692.0
-2904.0
-1624.0
-1957.0
-1768.0
-2073.0
-2648.0
-1321.0
-1488.0
-3670.0
-2335.0
-2410.0
-1623.0
-1646.0
-2894.0
-1674.0
-2752.0
-2412.0
-1559.0
-3491.0
-2686.0
-2909.0
-2499.0
-2193.0
-1344.0
-2054.0
-1335.0
-2573.0
-2031.0
-1649.0
-1481.0
-1902.0
-1528.0
-2421.0
-2717.0
-1195.0
-1767.0
-1992.0
-1740.0
-2241.0
-1347.0
-2645.0
-2321.0
-2708.0
-2285.0
-1703.0
-1386.0
-2576.0
-1599.0
-1635.0
-1626.0
-2429.0
-2640.0
-1202.0
-1728.0
-3552.0
-2782.0
-1399.0
-1258.0
-1977.0
-2845.0
-2584.0
-1567.0
-1739.0
-3128.0
-2260.0
-2343.0
-2216.0
-1516.0
-2712.0
-2501.0
-3820.0
-2666.0
-2516.0
-2246.0
-2020.0
-1540.0
-2756.0
-1734.0
-2266.0
-1524.0
-1392.0
-2159.0
-2021.0
-2545.0
-1443.0
-1788.0
-3197.0
-2721.0
-2002.0
-2397.0
-3491.0
-2865.0
-2730.0
-1966.0
-1691.0
-2363.0
-3638.0
-2244.0
-1629.0
-1786.0
-3254.0
-1554.0
-1926.0
-2213.0
-1741.0
-3327.0
-2519.0
-1623.0
-4153.0
-3883.0
-3503.0
-1436.0
-3260.0
-2702.0
-2459.0
-2742.0
-3464.0
-2035.0
-4105.0
-2501.0
-3288.0
-2286.0
-1825.0
-1463.0
-1652.0
-2053.0
-3195.0
-2624.0
-1763.0
-1718.0
-1402.0
-1807.0
-1907.0
-2255.0
-1336.0
-1626.0
-1916.0
-2369.0
-1349.0
-1927.0
-3287.0
-2561.0
-2496.0
-2318.0
-1931.0
-1487.0
-3309.0
-2652.0
-1672.0
-1705.0
-2263.0
-1454.0
-1360.0
-1849.0
-1814.0
-2169.0
-1391.0
-1422.0
-2609.0
-2368.0
-3074.0
-1745.0
-2944.0
-2523.0
-2642.0
-2165.0
-2773.0
-1640.0
-3681.0
-2008.0
-3055.0
-4809.0
-2473.0
-1886.0
-1527.0
-1444.0
-2458.0
-1536.0
-1530.0
-1860.0
-1699.0
-2392.0
-2837.0
-3852.0
-1537.0
-3072.0
-1702.0
-2570.0
-1740.0
-2460.0
-3092.0
-2379.0
-3791.0
-2708.0
-1445.0
-1679.0
-2857.0
-1756.0
-1323.0
-1327.0
-2809.0
-1466.0
-1909.0
-1742.0
-2085.0
-2679.0
-1574.0
-1455.0
-1954.0
-3712.0
-2686.0
-2276.0
-1567.0
-2111.0
-2449.0
-2735.0
-2548.0
-1956.0
-2706.0
-2307.0
-2646.0
-2496.0
-1784.0
-2157.0
-1443.0
-1532.0
-2346.0
-2704.0
-1600.0
-1557.0
-1889.0
-1546.0
-1767.0
-3570.0
-1435.0
-1309.0
-2090.0
-2320.0
-1776.0
-1590.0
-2427.0
-2579.0
-3194.0
-2168.0
-1626.0
-2486.0
-3518.0
-1654.0
-1539.0
-2309.0
-2844.0
-2143.0
-1513.0
-2189.0
-2052.0
-1962.0
-2240.0
-1487.0
-1859.0
-2175.0
-2971.0
-1768.0
-1907.0
-2383.0
-1958.0
-3477.0
-3649.0
-1868.0
-3524.0
-3644.0
-6285.0
-2252.0
-2120.0
-1896.0
-1683.0
-1666.0
-4690.0
-1745.0
-1876.0
-2141.0
-1651.0
-1422.0
-2383.0
-2123.0
-1890.0
-2364.0
-2310.0
-2558.0
-1811.0
-2275.0
-2826.0
-2545.0
-4053.0
-3122.0
-2871.0
-2514.0
-3137.0
-3428.0
-1475.0
-1597.0
-3620.0
-1914.0
-2698.0
-2225.0
-2614.0
-6247.0
-1710.0
-1834.0
-2623.0
-3244.0
-4124.0
-2052.0
-2708.0
-2922.0
-2000.0
-2177.0
-2128.0
-1536.0
-2659.0
-3041.0
-4161.0
-3347.0
-2283.0
-1879.0
-2375.0
-1897.0
-3008.0
-2888.0
-1716.0
-1714.0
-2125.0
-1755.0
-2738.0
-4754.0
-2811.0
-1849.0
-1519.0
-1765.0
-1672.0
-2104.0
-2903.0
-2505.0
-3786.0
-2493.0
-1653.0
-2079.0
-3233.0
-1896.0
-2600.0
-1484.0
-2543.0
-1682.0
-1307.0
-1522.0
-2551.0
-2607.0
-1571.0
-1948.0
-3642.0
-2468.0
-3350.0
-1971.0
-2382.0
-2822.0
-2335.0
-4037.0
-2144.0
-2754.0
-2082.0
-2478.0
-3602.0
-2780.0
-2019.0
-1614.0
-1513.0
-1559.0
-1711.0
-2712.0
-1635.0
-2331.0
-1682.0
-1616.0
-2045.0
-2509.0
-1622.0
-1741.0
-2254.0
-2090.0
-1484.0
-1726.0
-1906.0
-1709.0
-4089.0
-1373.0
-2054.0
-2484.0
-2959.0
-2365.0
-2194.0
-1617.0
-2577.0
-1826.0
-1940.0
-1939.0
-2365.0
-2777.0
-1674.0
-1229.0
-2288.0
-3273.0
-3926.0
-1655.0
-2053.0
-1935.0
-1743.0
-2460.0
-2152.0
-2598.0
-3750.0
-2047.0
-4404.0
-4311.0
-3035.0
-1670.0
-1696.0
-1903.0
-1606.0
-1897.0
-1874.0
-1752.0
-2456.0
-1880.0
-2061.0
-1849.0
-1513.0
-1363.0
-1657.0
-1677.0
-1512.0
-2524.0
-3476.0
-1724.0
-2469.0
-1796.0
-1504.0
-1380.0
-2432.0
-1443.0
-1608.0
-1367.0
-1790.0
-1665.0
-2054.0
-2523.0
-1574.0
-2960.0
-2159.0
-1947.0
-3995.0
-1962.0
-2512.0
-1333.0
-1613.0
-1959.0
-1454.0
-2879.0
-2129.0
-1740.0
-2426.0
-2142.0
-3033.0
-2434.0
-1703.0
-1461.0
-1764.0
-1641.0
-1856.0
-2357.0
-2188.0
-1456.0
-1835.0
-1586.0
-2076.0
-2891.0
-1384.0
-1676.0
-1622.0
-1672.0
-1337.0
-2200.0
-2803.0
-2891.0
-2377.0
-2357.0
-2487.0
-1426.0
-2516.0
-1524.0
-1699.0
-1401.0
-2795.0
-1683.0
-2182.0
-1366.0
-2772.0
-2735.0
-1980.0
-1582.0
-2187.0
-2752.0
-2409.0
-1492.0
-2462.0
-1964.0
-1590.0
-1806.0
-1561.0
-1591.0
-2392.0
-1551.0
-2906.0
-3095.0
-2643.0
-2394.0
-1632.0
-1675.0
-1947.0
-2275.0
-1514.0
-1353.0
-1875.0
-1307.0
-1977.0
-2519.0
-1467.0
-1378.0
-1497.0
-1407.0
-1332.0
-1761.0
-3525.0
-1595.0
-2276.0
-1786.0
-1412.0
-1891.0
-2762.0
-2147.0
-1284.0
-1494.0
-2434.0
-1733.0
-1449.0
-1500.0
-2919.0
-1874.0
-1544.0
-1201.0
-1803.0
-2826.0
-2339.0
-1542.0
-3066.0
-2152.0
-1932.0
-3932.0
-2258.0
-1504.0
-3370.0
-2008.0
-6573.0
-2346.0
-2080.0
-2141.0
-1522.0
-1499.0
-1936.0
-2056.0
-1458.0
-1606.0
-1555.0
-1336.0
-2084.0
-2057.0
-1550.0
-2200.0
-1525.0
-1919.0
-1271.0
-1567.0
-2333.0
-2209.0
-3101.0
-1393.0
-1654.0
-1586.0
-2407.0
-1654.0
-1162.0
-1365.0
-1665.0
-1852.0
-2565.0
-1270.0
-1733.0
-2943.0
-1616.0
-1417.0
-2074.0
-2274.0
-1890.0
-1984.0
-1893.0
-1938.0
-1490.0
-2724.0
-1591.0
-1238.0
-4712.0
-1877.0
-4022.0
-2816.0
-1907.0
-1537.0
-1745.0
-1601.0
-1376.0
-1913.0
-1988.0
-2148.0
-2112.0
-2045.0
-1763.0
-1717.0
-1562.0
-1451.0
-1359.0
-2854.0
-1385.0
-2414.0
-2430.0
-2125.0
-4099.0
-1624.0
-1635.0
-2234.0
-2412.0
-1453.0
-2005.0
-1791.0
-2107.0
-1676.0
-1533.0
-1793.0
-2032.0
-3384.0
-1600.0
-1805.0
-1723.0
-2723.0
-2189.0
-2448.0
-2287.0
-1840.0
-1835.0
-2371.0
-1705.0
-1404.0
-3920.0
-2869.0
-3156.0
-1693.0
-1976.0
-1597.0
-1662.0
-1199.0
-3506.0
-1474.0
-1572.0
-1990.0
-1341.0
-1911.0
-2245.0
-2640.0
-2989.0
-1990.0
-2864.0
-2786.0
-1529.0
-2320.0
-2724.0
-1804.0
-2618.0
-1860.0
-1828.0
-1986.0
-2843.0
-1609.0
-2529.0
-1612.0
-1788.0
-1269.0
-1474.0
-1791.0
-1776.0
-2573.0
-1324.0
-1578.0
-1765.0
-2604.0
-2259.0
-1892.0
-1511.0
-2294.0
-1979.0
-2011.0
-2506.0
-1280.0
-2269.0
-1664.0
-3827.0
-1505.0
-1714.0
-1595.0
-1343.0
-1375.0
-1767.0
-1500.0
-1280.0
-2014.0
-1261.0
-1375.0
-2000.0
-2471.0
-1256.0
-1445.0
-2364.0
-1856.0
-1541.0
-1958.0
-3183.0
-1458.0
-2717.0
-1358.0
-1483.0
-1946.0
-2371.0
-1871.0
-1481.0
-1629.0
-1728.0
-1499.0
-1226.0
-1231.0
-1702.0
-2599.0
-1475.0
-1314.0
-1521.0
-3065.0
-1851.0
-2037.0
-1590.0
-1981.0
-1868.0
-2044.0
-2782.0
-1595.0
-1844.0
-1835.0
-2898.0
-2396.0
-2174.0
-1634.0
-1196.0
-1173.0
-2657.0
-2019.0
-1315.0
-1538.0
-1420.0
-1638.0
-1775.0
-1916.0
-1281.0
-1285.0
-1534.0
-1467.0
-1363.0
-1575.0
-1976.0
-1815.0
-2370.0
-1950.0
-1482.0
-1344.0
-2490.0
-1419.0
-1287.0
-1962.0
-1639.0
-1258.0
-1591.0
-1458.0
-1815.0
-2280.0
-1255.0
-1312.0
-2157.0
-2512.0
-1814.0
-1819.0
-1524.0
-1961.0
-1481.0
-3308.0
-1429.0
-1281.0
-2759.0
-1577.0
-3563.0
-2021.0
-2761.0
-1399.0
-1488.0
-1419.0
-1546.0
-1606.0
-1605.0
-1319.0
-1608.0
-1459.0
-2033.0
-2375.0
-1271.0
-1480.0
-2422.0
-1395.0
-1520.0
-2770.0
-3077.0
-2313.0
-2773.0
-1337.0
-1316.0
-1577.0
-2543.0
-1951.0
-1594.0
-1627.0
-1693.0
-1262.0
-1687.0
-1338.0
-1781.0
-1742.0
-1810.0
-1582.0
-2538.0
-2940.0
-2148.0
-1698.0
-2121.0
-2712.0
-1495.0
-2748.0
-2669.0
-1273.0
-2630.0
-1864.0
-2564.0
-2310.0
-3389.0
-1655.0
-1468.0
-1503.0
-1735.0
-1793.0
-1706.0
-1469.0
-1298.0
-2259.0
-1913.0
-2130.0
-1681.0
-1422.0
-1864.0
-2195.0
-1389.0
-1388.0
-2407.0
-1463.0
-3331.0
-1582.0
-1400.0
-1324.0
-2086.0
-1999.0
-1844.0
-2208.0
-2103.0
-1660.0
-1855.0
-1332.0
-2109.0
-2568.0
-2112.0
-1327.0
-2336.0
-2507.0
-2581.0
-1410.0
-1672.0
-2015.0
-2036.0
-2192.0
-1932.0
-1497.0
-2672.0
-1728.0
-3377.0
-1744.0
-1785.0
-1415.0
-1300.0
-1390.0
-1565.0
-1446.0
-1486.0
-1740.0
-1539.0
-1484.0
-2450.0
-1824.0
-1576.0
-1545.0
-1945.0
-1541.0
-1286.0
-1730.0
-2752.0
-2143.0
-1841.0
-1125.0
-1854.0
-1732.0
-3695.0
-1410.0
-1376.0
-1820.0
-2228.0
-1311.0
-1350.0
-1881.0
-1777.0
-1900.0
-1283.0
-1458.0
-1872.0
-2030.0
-2107.0
-1874.0
-1617.0
-1703.0
-1987.0
-2094.0
-3539.0
-2127.0
-3420.0
-1970.0
-3163.0
-2040.0
-1834.0
-1509.0
-1713.0
-1636.0
-1774.0
-1536.0
-1460.0
-1805.0
-1482.0
-1560.0
-2561.0
-2147.0
-1390.0
-1792.0
-1970.0
-1727.0
-1177.0
-1499.0
-3185.0
-2869.0
-2217.0
-1824.0
-1359.0
-1596.0
-2441.0
-1878.0
-1686.0
-1584.0
-1922.0
-1387.0
-1595.0
-1358.0
-1625.0
-2779.0
-2067.0
-1283.0
-2026.0
-2131.0
-4236.0
-1516.0
-1687.0
-1876.0
-1809.0
-2148.0
-3068.0
-1644.0
-2678.0
-1726.0
-2874.0
-2321.0
-1959.0
-2232.0
-1583.0
-1316.0
-1935.0
-1629.0
-1838.0
-1447.0
-1623.0
-1695.0
-1756.0
-2260.0
-1341.0
-1522.0
-1744.0
-2253.0
-1608.0
-1450.0
-2682.0
-1726.0
-2666.0
-1545.0
-1570.0
-2026.0
-2591.0
-1535.0
-1306.0
-1376.0
-1883.0
-1227.0
-1475.0
-1684.0
-1637.0
-2368.0
-1345.0
-1386.0
-1630.0
-2669.0
-2521.0
-1357.0
-2011.0
-3182.0
-1509.0
-2607.0
-1582.0
-1929.0
-2487.0
-1956.0
-3697.0
-2595.0
-2055.0
-1589.0
-1315.0
-1508.0
-1350.0
-2035.0
-1793.0
-1573.0
-1519.0
-1318.0
-3411.0
-2080.0
-1704.0
-1505.0
-1726.0
-1590.0
-1299.0
-2006.0
-2209.0
-1512.0
-1802.0
-1606.0
-1494.0
-1447.0
-3649.0
-1980.0
-1697.0
-2971.0
-2202.0
-1665.0
-1371.0
-1333.0
-2072.0
-3348.0
-1596.0
-1346.0
-1830.0
-2064.0
-1946.0
-1648.0
-1694.0
-1771.0
-1617.0
-2755.0
-1960.0
-1448.0
-2691.0
-2050.0
-2797.0
-1660.0
-1467.0
-1446.0
-1380.0
-1507.0
-1381.0
-2422.0
-1961.0
-1296.0
-1492.0
-1852.0
-2533.0
-2528.0
-1234.0
-1634.0
-2461.0
-2817.0
-1529.0
-1847.0
-1776.0
-1900.0
-2572.0
-1601.0
-1637.0
-1287.0
-2013.0
-1375.0
-1744.0
-1766.0
-1609.0
-1772.0
-1472.0
-1878.0
-1584.0
-3260.0
-1473.0
-1356.0
-1976.0
-2333.0
-2679.0
-1607.0
-1859.0
-2121.0
-1446.0
-1670.0
-1579.0
-1822.0
-2462.0
-1799.0
-3695.0
-2540.0
-2136.0
-2202.0
-1411.0
-1437.0
-1692.0
-2083.0
-1292.0
-1354.0
-1344.0
-1320.0
-1679.0
-2247.0
-1892.0
-1663.0
-2178.0
-1732.0
-1487.0
-1566.0
-1961.0
-2224.0
-2632.0
-1512.0
-1712.0
-1658.0
-2994.0
-1443.0
-1236.0
-1463.0
-2686.0
-1732.0
-1797.0
-2161.0
-1781.0
-1836.0
-1391.0
-1635.0
-1783.0
-1634.0
-1724.0
-1375.0
-1713.0
-2267.0
-2692.0
-2722.0
-1751.0
-1546.0
-2601.0
-1484.0
-2600.0
-1822.0
-1644.0
-1684.0
-1279.0
-1278.0
-1882.0
-2201.0
-1890.0
-1956.0
-1462.0
-1359.0
-2138.0
-1913.0
-1352.0
-1756.0
-1584.0
-1731.0
-1311.0
-2137.0
-3802.0
-1539.0
-1936.0
-1698.0
-1339.0
-1558.0
-2581.0
-1319.0
-1519.0
-1674.0
-2451.0
-1230.0
-1669.0
-1461.0
-1400.0
-2141.0
-1259.0
-1337.0
-2092.0
-2408.0
-2575.0
-1820.0
-1493.0
-1473.0
-1361.0
-2199.0
-1651.0
-1434.0
-2825.0
-2148.0
-4067.0
-2260.0
-2121.0
-1473.0
-1187.0
-1282.0
-1654.0
-1880.0
-1279.0
-1773.0
-1162.0
-1295.0
-1492.0
-1511.0
-1431.0
-1620.0
-1501.0
-1513.0
-1276.0
-1870.0
-3093.0
-2339.0
-2266.0
-1313.0
-1295.0
-1566.0
-2652.0
-1702.0
-1292.0
-1683.0
-2021.0
-1541.0
-1508.0
-1654.0
-1598.0
-1959.0
-1467.0
-1211.0
-1775.0
-1895.0
-1969.0
-1908.0
-1882.0
-1714.0
-2111.0
-2243.0
-1859.0
-1592.0
-2447.0
-1822.0
-3574.0
-2031.0
-2201.0
-1462.0
-1230.0
-1266.0
-1666.0
-1578.0
-1363.0
-2568.0
-1275.0
-1448.0
-1818.0
-1914.0
-1850.0
-1654.0
-1621.0
-1960.0
-1252.0
-1612.0
-2383.0
-2085.0
-2044.0
-1848.0
-1725.0
-1236.0
-2539.0
-1409.0
-1173.0
-1449.0
-2220.0
-1388.0
-1360.0
-1535.0
-1981.0
-3120.0
-2280.0
-1177.0
-3436.0
-3457.0
-3165.0
-1649.0
-1481.0
-1965.0
-1957.0
-3296.0
-3055.0
-1439.0
-2515.0
-1759.0
-4367.0
-2004.0
-1994.0
-1927.0
-1854.0
-1466.0
-1645.0
-1852.0
-1417.0
-2446.0
-1390.0
-1487.0
-2297.0
-2277.0
-1269.0
-2464.0
-1815.0
-1986.0
-2379.0
-3600.0
-2963.0
-1544.0
-2197.0
-1551.0
-1633.0
-1623.0
-2508.0
-1284.0
-1949.0
-1429.0
-1784.0
-1299.0
-1587.0
-1403.0
-2138.0
-2519.0
-1349.0
-1409.0
-1764.0
-2493.0
-2596.0
-1490.0
-2176.0
-1303.0
-1438.0
-3299.0
-1810.0
-1396.0
-2273.0
-3650.0
-3604.0
-2091.0
-1449.0
-1464.0
-1478.0
-1364.0
-2019.0
-2433.0
-2655.0
-1507.0
-2997.0
-1729.0
-1680.0
-2245.0
-1605.0
-1487.0
-2479.0
-1359.0
-1357.0
-1526.0
-1860.0
-1513.0
-2165.0
-1461.0
-1372.0
-1293.0
-3032.0
-1402.0
-1361.0
-1469.0
-1409.0
-1399.0
-1485.0
-1482.0
-1841.0
-2254.0
-1544.0
-1476.0
-1737.0
-2447.0
-1689.0
-1442.0
-1458.0
-1527.0
-1792.0
-2484.0
-1750.0
-1564.0
-2388.0
-1931.0
-3178.0
-1904.0
-1655.0
-1782.0
-2292.0
-1176.0
-1972.0
-3235.0
-1398.0
-1636.0
-1873.0
-1609.0
-1799.0
-1572.0
-1168.0
-1616.0
-1765.0
-1761.0
-1592.0
-1645.0
-2248.0
-1536.0
-2044.0
-1496.0
-1328.0
-1385.0
-2143.0
-1561.0
-1499.0
-1928.0
-1602.0
-1580.0
-1288.0
-1301.0
-2232.0
-1995.0
-1312.0
-1367.0
-1655.0
-2605.0
-2120.0
-1769.0
-2423.0
-1774.0
-1966.0
-2305.0
-1376.0
-1439.0
-1791.0
-1419.0
-3294.0
-1759.0
-1428.0
-1586.0
-1246.0
-1221.0
-1255.0
-1662.0
-1853.0
-1943.0
-1974.0
-1690.0
-2194.0
-2038.0
-1258.0
-1404.0
-1518.0
-1591.0
-1377.0
-1847.0
-1846.0
-1630.0
-1876.0
-1788.0
-1650.0
-1804.0
-2130.0
-1716.0
-1275.0
-1448.0
-1682.0
-1389.0
-1639.0
-1989.0
-2038.0
-3134.0
-2224.0
-1472.0
-2924.0
-2036.0
-2667.0
-1820.0
-1670.0
-1893.0
-1633.0
-2427.0
-2145.0
-1471.0
-2289.0
-1636.0
-2387.0
-1594.0
-1733.0
-1516.0
-1450.0
-1314.0
-2078.0
-1531.0
-1745.0
-1557.0
-1363.0
-1360.0
-1529.0
-1982.0
-1336.0
-1671.0
-1462.0
-1348.0
-1158.0
-1592.0
-2403.0
-1543.0
-3110.0
-1635.0
-1502.0
-1527.0
-2377.0
-1636.0
-1708.0
-1298.0
-1777.0
-1362.0
-1478.0
-1595.0
-1574.0
-2177.0
-1467.0
-1208.0
-1403.0
-1846.0
-1718.0
-1415.0
-1716.0
-1872.0
-1661.0
-2322.0
-1916.0
-1929.0
-2530.0
-2016.0
-3473.0
-2051.0
-2185.0
-1339.0
-1946.0
-1966.0
-1813.0
-2100.0
-1446.0
-1353.0
-1720.0
-1462.0
-1771.0
-1554.0
-1384.0
-1689.0
-1470.0
-1654.0
-1288.0
-1374.0
-2536.0
-1669.0
-2330.0
-1335.0
-1291.0
-1306.0
-2366.0
-1615.0
-1333.0
-1560.0
-1696.0
-1659.0
-1375.0
-1265.0
-2620.0
-2430.0
-1146.0
-1426.0
-1915.0
-2196.0
-2099.0
-1325.0
-2287.0
-1807.0
-1298.0
-3457.0
-1706.0
-1740.0
-1847.0
-1363.0
-4262.0
-2131.0
-1674.0
-1762.0
-1427.0
-1126.0
-1844.0
-1781.0
-1234.0
-1606.0
-1569.0
-1293.0
-1861.0
-1890.0
-1515.0
-1698.0
-2558.0
-1747.0
-1239.0
-1519.0
-1824.0
-1520.0
-2344.0
-1892.0
-1743.0
-1362.0
-1994.0
-1261.0
-1382.0
-1587.0
-1514.0
-1482.0
-1430.0
-1634.0
-1786.0
-3037.0
-1445.0
-1305.0
-1729.0
-3074.0
-2627.0
-1374.0
-2358.0
-1890.0
-1547.0
-2005.0
-2333.0
-1885.0
-2422.0
-2030.0
-2979.0
-3306.0
-2101.0
-1736.0
-1498.0
-1416.0
-2137.0
-1431.0
-1452.0
-1320.0
-1806.0
-1308.0
-2070.0
-1876.0
-1378.0
-1431.0
-1751.0
-1569.0
-1603.0
-1901.0
-2526.0
-1663.0
-2364.0
-1662.0
-1824.0
-1468.0
-2526.0
-1571.0
-1238.0
-1355.0
-1588.0
-1303.0
-1331.0
-1307.0
-1922.0
-1925.0
-1399.0
-1344.0
-1771.0
-2198.0
-1796.0
-1306.0
-1565.0
-2291.0
-1564.0
-2153.0
-1511.0
-2152.0
-2642.0
-1678.0
-3468.0
-1937.0
-1846.0
-1522.0
-1286.0
-1740.0
-2312.0
-2274.0
-1330.0
-1999.0
-1216.0
-1456.0
-1630.0
-1679.0
-1184.0
-1159.0
-1454.0
-1643.0
-1354.0
-1370.0
-2248.0
-1661.0
-1946.0
-1924.0
-1434.0
-1325.0
-2712.0
-1482.0
-1147.0
-1733.0
-1428.0
-1278.0
-1468.0
-1474.0
-1550.0
-1402.0
-1542.0
-1365.0
-1615.0
-2418.0
-1719.0
-2371.0
-1497.0
-1375.0
-1607.0
-1675.0
-1707.0
-1875.0
-2740.0
-1688.0
-4052.0
-1597.0
-2033.0
-1312.0
-1217.0
-1708.0
-1464.0
-1824.0
-1279.0
-1420.0
-1756.0
-1318.0
-2082.0
-1618.0
-1598.0
-1326.0
-1533.0
-1271.0
-1359.0
-1684.0
-2435.0
-1864.0
-2841.0
-1458.0
-1537.0
-1413.0
-2463.0
-1690.0
-1193.0
-1436.0
-1460.0
-1228.0
-1337.0
-1404.0
-2036.0
-2763.0
-1394.0
-1279.0
-1851.0
-1792.0
-1816.0
-1348.0
-1528.0
-2329.0
-1599.0
-1782.0
-1645.0
-1428.0
-2198.0
-1739.0
-3645.0
-2341.0
-1536.0
-1311.0
-2239.0
-1386.0
-2628.0
-1812.0
-1279.0
-1250.0
-1765.0
-1502.0
-1696.0
-1598.0
-1308.0
-1543.0
-1593.0
-1427.0
-1189.0
-1419.0
-2489.0
-1603.0
-1997.0
-1552.0
-1141.0
-1300.0
-2497.0
-1398.0
-1254.0
-1964.0
-1634.0
-1375.0
-1280.0
-1330.0
-1661.0
-2955.0
-1352.0
-1239.0
-1673.0
-1982.0
-2702.0
-1443.0
-1414.0
-1964.0
-1363.0
-2197.0
-2045.0
-1714.0
-2311.0
-1408.0
-3881.0
-1694.0
-1879.0
-1728.0
-1533.0
-1694.0
-1518.0
-1913.0
-1507.0
-1642.0
-1471.0
-1631.0
-1717.0
-1879.0
-1493.0
-1858.0
-1817.0
-2008.0
-1243.0
-1894.0
-2689.0
-1629.0
-1907.0
-1518.0
-1554.0
-1958.0
-3327.0
-1513.0
-1684.0
-2110.0
-2201.0
-1603.0
-1408.0
-1924.0
-1611.0
-2043.0
-1840.0
-1419.0
-1922.0
-2622.0
-3249.0
-1299.0
-1411.0
-2362.0
-1390.0
-1911.0
-2190.0
-1401.0
-2528.0
-2454.0
-3056.0
-1952.0
-1862.0
-1736.0
-1567.0
-1536.0
-1684.0
-1702.0
-1453.0
-1761.0
-1822.0
-1439.0
-1753.0
-2726.0
-1522.0
-1592.0
-1673.0
-1765.0
-1404.0
-2271.0
-2579.0
-2018.0
-2529.0
-1307.0
-1394.0
-1474.0
-2098.0
-2648.0
-1623.0
-1549.0
-1644.0
-1448.0
-1534.0
-1624.0
-1387.0
-2034.0
-1263.0
-1547.0
-1887.0
-2534.0
-2179.0
-1633.0
-1721.0
-1842.0
-2041.0
-2007.0
-1770.0
-1438.0
-2360.0
-1796.0
-2670.0
-1302.0
-2109.0
-1456.0
-1253.0
-1567.0
-1792.0
-2453.0
-1616.0
-1352.0
-1519.0
-1268.0
-1776.0
-1720.0
-1647.0
-1352.0
-2348.0
-2037.0
-1411.0
-1873.0
-1956.0
-1518.0
-1754.0
-2894.0
-1223.0
-1744.0
-2055.0
-1846.0
-1483.0
-1513.0
-1925.0
-1226.0
-1417.0
-1295.0
-2001.0
-1860.0
-1445.0
-1198.0
-1960.0
-1894.0
-1644.0
-1396.0
-1384.0
-2318.0
-1753.0
-1619.0
-1600.0
-1673.0
-2144.0
-1579.0
-2550.0
-2656.0
-1534.0
-1430.0
-1398.0
-1604.0
-2181.0
-1639.0
-1479.0
-1388.0
-1597.0
-1498.0
-2090.0
-1733.0
-1607.0
-1866.0
-1447.0
-1270.0
-1310.0
-1519.0
-1632.0
-1975.0
-1990.0
-1833.0
-1509.0
-1211.0
-2122.0
-1738.0
-1931.0
-1386.0
-1689.0
-1725.0
-1470.0
-1636.0
-1896.0
-3097.0
-1462.0
-1377.0
-1848.0
-2545.0
-1998.0
-1462.0
-1371.0
-2221.0
-1408.0
-2410.0
-1532.0
-1653.0
-1768.0
-1620.0
-2889.0
-1517.0
-1324.0
-1759.0
-2030.0
-1170.0
-1374.0
-1414.0
-1535.0
-1504.0
-1599.0
-1615.0
-1868.0
-1677.0
-1631.0
-1449.0
-1446.0
-1758.0
-1825.0
-1546.0
-2134.0
-1588.0
-1917.0
-1320.0
-1216.0
-1792.0
-2457.0
-1583.0
-1376.0
-1765.0
-2008.0
-1340.0
-1220.0
-1551.0
-1938.0
-2556.0
-1305.0
-1499.0
-1733.0
-2030.0
-1868.0
-1864.0
-1759.0
-2011.0
-1726.0
-1720.0
-1614.0
-1508.0
-2023.0
-1747.0
-2344.0
-1818.0
-1608.0
-1613.0
-1301.0
-1280.0
-1751.0
-1581.0
-1261.0
-1923.0
-1241.0
-1456.0
-1733.0
-1607.0
-1338.0
-1245.0
-1485.0
-1858.0
-1667.0
-1894.0
-2242.0
-1586.0
-1882.0
-1706.0
-2085.0
-1838.0
-1960.0
-1495.0
-1425.0
-1561.0
-1561.0
-1560.0
-1733.0
-1425.0
-2159.0
-3346.0
-1444.0
-1211.0
-1548.0
-1991.0
-2179.0
-1553.0
-1877.0
-1903.0
-1684.0
-2921.0
-1383.0
-1514.0
-2403.0
-1520.0
-3258.0
-1867.0
-1794.0
-1503.0
-2056.0
-1466.0
-1401.0
-1479.0
-1273.0
-1453.0
-1674.0
-1292.0
-1500.0
-2169.0
-1788.0
-1771.0
-1718.0
-1701.0
-1485.0
-1568.0
-2122.0
-1443.0
-1947.0
-1553.0
-1491.0
-1753.0
-2460.0
-1430.0
-1269.0
-2006.0
-1475.0
-1389.0
-1248.0
-1262.0
-1959.0
-2699.0
-1370.0
-1688.0
-1580.0
-1835.0
-1835.0
-1706.0
-1639.0
-1847.0
-1716.0
-2150.0
-2050.0
-1664.0
-2509.0
-1833.0
-2786.0
-1431.0
-1973.0
-1429.0
-1358.0
-1250.0
-1475.0
-1553.0
-1383.0
-1636.0
-1349.0
-1583.0
-2084.0
-2543.0
-1490.0
-1225.0
-1426.0
-1380.0
-1383.0
-1870.0
-1985.0
-1529.0
-2651.0
-1654.0
-1530.0
-1511.0
-2387.0
-1837.0
-1593.0
-1559.0
-2185.0
-1289.0
-1415.0
-1432.0
-1611.0
-2037.0
-1228.0
-1499.0
-1673.0
-1876.0
-2399.0
-1444.0
-1862.0
-1787.0
-1536.0
-2308.0
-1845.0
-1787.0
-1940.0
-1743.0
-2955.0
-2058.0
-1830.0
-1920.0
-1958.0
-1831.0
-2210.0
-1482.0
-1387.0
-2263.0
-1350.0
-1601.0
-1739.0
-2194.0
-1489.0
-1737.0
-1527.0
-1704.0
-1493.0
-1415.0
-1983.0
-1690.0
-2139.0
-1468.0
-1325.0
-1456.0
-2210.0
-1734.0
-1206.0
-1532.0
-1723.0
-1380.0
-1202.0
-1276.0
-2072.0
-3533.0
-1187.0
-1326.0
-1545.0
-2032.0
-2047.0
-1469.0
-1821.0
-1191.0
-1290.0
-3092.0
-1361.0
-1462.0
-1913.0
-1604.0
-3221.0
-1825.0
-1707.0
-1424.0
-1276.0
-1754.0
-1623.0
-2069.0
-1353.0
-1394.0
-1434.0
-1515.0
-1647.0
-2074.0
-1194.0
-1661.0
-1431.0
-1592.0
-1195.0
-1665.0
-2023.0
-2270.0
-1793.0
-1608.0
-1899.0
-1516.0
-2375.0
-1465.0
-2142.0
-1391.0
-1677.0
-1429.0
-1631.0
-1418.0
-1605.0
-2126.0
-1710.0
-1460.0
-1735.0
-2377.0
-1749.0
-2015.0
-1501.0
-1387.0
-1489.0
-1862.0
-2040.0
-1363.0
-2175.0
-1881.0
-3422.0
-1824.0
-1587.0
-1745.0
-1259.0
-1462.0
-1669.0
-1421.0
-1657.0
-1252.0
-1247.0
-1411.0
-1937.0
-1981.0
-1310.0
-1453.0
-2290.0
-1428.0
-1333.0
-1592.0
-2267.0
-1688.0
-1893.0
-1601.0
-1355.0
-1991.0
-2362.0
-1496.0
-1290.0
-1381.0
-1925.0
-1351.0
-1379.0
-1688.0
-1845.0
-1871.0
-1498.0
-1480.0
-1503.0
-2346.0
-1796.0
-1325.0
-1589.0
-2043.0
-1545.0
-2193.0
-1944.0
-1445.0
-1871.0
-1436.0
-3435.0
-1665.0
-1910.0
-1319.0
-2419.0
-1477.0
-1347.0
-1726.0
-1454.0
-1445.0
-1332.0
-1321.0
-1751.0
-2463.0
-1388.0
-1692.0
-1381.0
-1546.0
-1496.0
-1574.0
-2208.0
-1870.0
-2158.0
-1460.0
-1353.0
-2136.0
-3195.0
-1412.0
-1555.0
-1185.0
-1709.0
-1322.0
-1776.0
-1462.0
-1736.0
-2222.0
-1337.0
-1443.0
-2088.0
-2191.0
-2054.0
-1893.0
-1817.0
-1951.0
-1878.0
-2341.0
-1459.0
-1356.0
-1972.0
-1534.0
-3848.0
-1759.0
-2140.0
-1676.0
-1591.0
-1416.0
-2530.0
-1791.0
-1341.0
-1985.0
-1434.0
-1374.0
-1795.0
-1320.0
-2287.0
-2129.0
-1783.0
-1302.0
-1258.0
-1306.0
-1709.0
-1765.0
-1934.0
-1634.0
-1466.0
-1597.0
-2738.0
-1538.0
-1322.0
-1874.0
-2510.0
-1504.0
-2330.0
-1223.0
-1870.0
-2556.0
-1533.0
-1453.0
-1936.0
-2009.0
-1867.0
-1569.0
-1557.0
-2188.0
-2348.0
-2823.0
-2204.0
-1838.0
-2125.0
-1529.0
-2764.0
-1998.0
-1758.0
-1720.0
-1431.0
-1893.0
-1599.0
-1578.0
-1623.0
-1542.0
-1540.0
-1364.0
-1915.0
-1742.0
-1315.0
-1396.0
-1364.0
-1325.0
-1405.0
-1357.0
-2696.0
-1696.0
-1804.0
-1599.0
-1458.0
-1436.0
-1892.0
-1365.0
-1173.0
-1490.0
-1923.0
-1505.0
-1374.0
-1508.0
-1618.0
-2202.0
-1539.0
-1520.0
-2300.0
-1826.0
-1623.0
-1441.0
-1605.0
-1449.0
-1907.0
-2279.0
-1778.0
-1661.0
-1910.0
-2451.0
-3666.0
-1701.0
-1607.0
-1453.0
-1406.0
-1383.0
-1251.0
-1573.0
-2142.0
-1513.0
-1807.0
-1328.0
-2094.0
-1355.0
-1310.0
-1445.0
-1416.0
-1602.0
-1437.0
-1899.0
-2223.0
-1732.0
-1704.0
-1366.0
-1806.0
-1736.0
-2140.0
-1332.0
-1593.0
-1551.0
-2351.0
-1331.0
-1663.0
-1299.0
-1986.0
-2138.0
-1166.0
-1310.0
-1762.0
-1551.0
-1747.0
-1299.0
-1662.0
-1484.0
-1531.0
-1732.0
-1877.0
-1331.0
-2611.0
-1664.0
-3302.0
-1978.0
-1821.0
-1509.0
-1310.0
-1313.0
-1805.0
-1725.0
-1395.0
-1320.0
-1225.0
-1176.0
-1780.0
-2590.0
-1389.0
-1721.0
-1530.0
-1640.0
-1599.0
-1549.0
-2217.0
-1912.0
-2347.0
-1271.0
-1366.0
-1368.0
-2001.0
-1941.0
-1310.0
-1441.0
-2114.0
-1434.0
-1277.0
-1214.0
-1555.0
-2373.0
-1746.0
-1273.0
-1787.0
-1911.0
-1862.0
-1170.0
-1608.0
-1999.0
-1371.0
-1901.0
-1702.0
-2084.0
-2428.0
-4342.0
-3770.0
-2243.0
-1971.0
-1818.0
-1378.0
-1505.0
-1834.0
-1992.0
-2357.0
-1415.0
-1308.0
-1385.0
-1711.0
-1345.0
-1817.0
-1468.0
-1745.0
-1727.0
-1246.0
-1425.0
-2368.0
-1649.0
-2420.0
-1666.0
-1230.0
-1851.0
-2515.0
-1688.0
-1176.0
-1693.0
-1419.0
-1462.0
-1756.0
-1832.0
-1700.0
-1790.0
-1369.0
-1180.0
-1536.0
-2497.0
-2336.0
-1271.0
-1843.0
-1541.0
-1846.0
-2497.0
-2686.0
-1587.0
-2166.0
-1452.0
-3492.0
-1686.0
-1864.0
-1481.0
-1361.0
-1429.0
-1431.0
-1671.0
-1400.0
-1293.0
-1124.0
-1383.0
-1947.0
-1503.0
-1289.0
-1344.0
-1609.0
-1982.0
-1411.0
-2207.0
-2022.0
-1526.0
-2680.0
-1426.0
-1302.0
-2036.0
-3082.0
-1678.0
-1708.0
-1583.0
-1622.0
-3031.0
-1482.0
-1476.0
-1841.0
-1829.0
-1288.0
-1543.0
-1925.0
-2174.0
-1514.0
-1607.0
-1725.0
-2379.0
-1899.0
-2172.0
-1524.0
-1352.0
-2150.0
-1764.0
-2586.0
-2004.0
-1781.0
-1253.0
-1429.0
-1565.0
-1538.0
-2110.0
-1737.0
-1404.0
-1511.0
-1360.0
-2879.0
-1617.0
-1410.0
-1902.0
-1795.0
-1818.0
-1449.0
-1788.0
-1985.0
-1978.0
-1885.0
-2112.0
-2194.0
-1538.0
-2261.0
-1589.0
-1370.0
-1786.0
-1779.0
-1361.0
-1463.0
-1394.0
-1938.0
-1888.0
-1267.0
-1880.0
-1656.0
-2243.0
-2426.0
-1211.0
-1985.0
-1991.0
-1508.0
-1942.0
-1502.0
-1458.0
-2104.0
-1823.0
-2952.0
-1935.0
-1619.0
-1635.0
-1831.0
-2203.0
-1563.0
-2903.0
-1814.0
-1432.0
-2501.0
-2127.0
-1636.0
-1825.0
-1608.0
-1944.0
-1529.0
-1627.0
-1324.0
-1527.0
-2123.0
-1706.0
-2640.0
-1736.0
-1800.0
-1786.0
-1938.0
-1731.0
-1320.0
-1686.0
-1669.0
-1878.0
-1333.0
-1273.0
-1676.0
-1626.0
-1607.0
-1962.0
-2285.0
-2838.0
-2922.0
-1468.0
-2034.0
-2466.0
-1463.0
-2445.0
-2549.0
-2666.0
-2741.0
-1585.0
-3167.0
-1768.0
-1562.0
-1577.0
-1454.0
-1311.0
-1386.0
-1942.0
-2121.0
-1349.0
-1413.0
-1445.0
-1854.0
-2099.0
-1478.0
-1272.0
-1800.0
-1856.0
-1369.0
-1600.0
-2250.0
-1431.0
-1679.0
-1382.0
-2479.0
-1550.0
-1926.0
-1581.0
-1309.0
-1610.0
-2425.0
-1220.0
-1540.0
-1543.0
-1672.0
-1838.0
-1277.0
-1537.0
-1833.0
-3017.0
-2406.0
-1739.0
-1416.0
-1715.0
-1996.0
-1928.0
-1965.0
-1436.0
-1897.0
-3183.0
-3558.0
-2147.0
-1953.0
-1484.0
-1329.0
-1285.0
-1460.0
-1735.0
-2114.0
-1902.0
-1426.0
-1455.0
-1484.0
-1875.0
-1329.0
-1352.0
-1585.0
-1426.0
-1364.0
-1883.0
-2304.0
-1670.0
-2527.0
-1598.0
-1434.0
-1414.0
-2746.0
-1377.0
-1859.0
-1408.0
-1848.0
-1576.0
-1284.0
-1613.0
-1668.0
-1843.0
-1458.0
-1568.0
-1497.0
-2202.0
-2120.0
-1510.0
-1456.0
-1719.0
-1522.0
-1497.0
-2050.0
-1525.0
-1938.0
-1628.0
-3324.0
-1580.0
-1710.0
-1450.0
-1218.0
-1229.0
-1389.0
-1537.0
-1454.0
-1566.0
-1505.0
-1326.0
-1517.0
-1760.0
-1836.0
-1917.0
-1707.0
-1305.0
-1286.0
-1460.0
-1952.0
-1525.0
-2196.0
-1714.0
-1667.0
-1469.0
-2352.0
-1363.0
-1363.0
-1332.0
-1642.0
-1347.0
-1432.0
-2081.0
-1594.0
-2861.0
-1401.0
-1503.0
-1944.0
-2075.0
-2004.0
-1466.0
-1452.0
-1612.0
-1859.0
-1982.0
-1498.0
-1590.0
-2416.0
-2194.0
-3192.0
-2670.0
-1435.0
-2134.0
-1329.0
-1309.0
-2341.0
-2616.0
-1710.0
-1591.0
-1674.0
-1405.0
-1773.0
-1408.0
-1744.0
-1387.0
-1440.0
-1795.0
-1661.0
-1850.0
-1888.0
-1422.0
-1675.0
-1729.0
-1547.0
-1813.0
-2042.0
-1516.0
-1281.0
-1585.0
-1559.0
-1438.0
-1816.0
-1368.0
-1751.0
-3796.0
-1667.0
-1593.0
-1926.0
-1989.0
-2105.0
-1536.0
-2073.0
-2357.0
-1767.0
-2405.0
-2340.0
-2002.0
-1981.0
-2522.0
-2838.0
-2070.0
-1590.0
-1313.0
-1332.0
-1592.0
-1738.0
-2279.0
-1460.0
-1374.0
-1509.0
-1441.0
-1764.0
-1905.0
-1219.0
-1262.0
-1374.0
-1663.0
-1252.0
-1519.0
-1621.0
-1827.0
-1686.0
-1319.0
-1287.0
-1643.0
-2228.0
-1941.0
-1285.0
-1287.0
-1756.0
-1186.0
-1248.0
-1207.0
-1750.0
-2106.0
-1756.0
-1251.0
-2018.0
-1876.0
-1685.0
-1919.0
-1454.0
-2181.0
-1596.0
-2291.0
-2139.0
-1528.0
-3010.0
-1478.0
-2408.0
-1625.0
-1739.0
-1728.0
-1452.0
-1537.0
-2217.0
-1684.0
-1418.0
-1560.0
-1508.0
-1410.0
-1746.0
-2430.0
-1339.0
-1208.0
-1505.0
-1508.0
-1395.0
-1540.0
-1658.0
-1373.0
-1598.0
-1532.0
-1357.0
-1323.0
-2335.0
-1432.0
-1313.0
-1416.0
-1629.0
-1175.0
-1595.0
-1683.0
-1634.0
-2174.0
-2142.0
-1749.0
-2168.0
-1670.0
-1911.0
-1545.0
-2502.0
-1955.0
-1544.0
-2438.0
-1987.0
-1966.0
-2205.0
-1533.0
-3135.0
-2023.0
-1678.0
-1374.0
-1411.0
-1548.0
-1615.0
-1504.0
-1349.0
-1845.0
-1310.0
-1517.0
-2120.0
-1844.0
-1569.0
-1345.0
-2122.0
-1994.0
-1457.0
-1392.0
