-14887.0
-12574.0
-15428.0
-14055.0
-15294.0
-12621.0
-19295.0
-12958.0
-13366.0
-10752.0
-19914.0
-13936.0
-10825.0
-14522.0
-15873.0
-18099.0
-12365.0
-17270.0
-13390.0
-14433.0
-18857.0
-14940.0
-16589.0
-13848.0
-10833.0
-19214.0
-12858.0
-16654.0
-21238.0
-7572.0
-25411.0
-18875.0
-12290.0
-12595.0
-14035.0
-9923.0
-18528.0
-10716.0
-12492.0
-11631.0
-9206.0
-12073.0
-20670.0
-14442.0
-9620.0
-9433.0
-18094.0
-18308.0
-8925.0
-13616.0
-19434.0
-12301.0
-20963.0
-12374.0
-10100.0
-14285.0
-20198.0
-16218.0
-12537.0
-11366.0
-20926.0
-11015.0
-13225.0
-14662.0
-11717.0
-13134.0
-8862.0
-5813.0
-15038.0
-22128.0
-18391.0
-11105.0
-11010.0
-14903.0
-7250.0
-17198.0
-18835.0
-7460.0
-16169.0
-20076.0
-14834.0
-22541.0
-18334.0
-12643.0
-9162.0
-12334.0
-16418.0
-14300.0
-7748.0
-16891.0
-9740.0
-10408.0
-16679.0
-12723.0
-10300.0
-8859.0
-17328.0
-16787.0
-11353.0
-16364.0
-12184.0
-19458.0
-17190.0
-15050.0
-8101.0
-11308.0
-14803.0
-9892.0
-8465.0
-8270.0
-17475.0
-13900.0
-8388.0
-6960.0
-11190.0
-17668.0
-13159.0
-10526.0
-14082.0
-14698.0
-16366.0
-16173.0
-10968.0
-11625.0
-14616.0
-7413.0
-13037.0
-8669.0
-14389.0
-10686.0
-15073.0
-13864.0
-19814.0
-8811.0
-7842.0
-11105.0
-9958.0
-13393.0
-8737.0
-10101.0
-8561.0
-5311.0
-10373.0
-22658.0
-7197.0
-8296.0
-12660.0
-12614.0
-6198.0
-12819.0
-12296.0
-9769.0
-16495.0
-9080.0
-12027.0
-12277.0
-12637.0
-10417.0
-7324.0
-11757.0
-13682.0
-10132.0
-5876.0
-10676.0
-15991.0
-15498.0
-5000.0
-7688.0
-10535.0
-14938.0
-11772.0
-8774.0
-9903.0
-17420.0
-11481.0
-9527.0
-10922.0
-10117.0
-19899.0
-14471.0
-16430.0
-10451.0
-13486.0
-9871.0
-14392.0
-3940.0
-15394.0
-8748.0
-5225.0
-11921.0
-9504.0
-5745.0
-11507.0
-14065.0
-7695.0
-6264.0
-9655.0
-11827.0
-6521.0
-10628.0
-8016.0
-9172.0
-14149.0
-8905.0
-12149.0
-8820.0
-8886.0
-9338.0
-7546.0
-7110.0
-10760.0
-7077.0
-5576.0
-6748.0
-14141.0
-14701.0
-5122.0
-10557.0
-9316.0
-14724.0
-16454.0
-5997.0
-13173.0
-11178.0
-3562.0
-8022.0
-10659.0
-8317.0
-14619.0
-12240.0
-10448.0
-10005.0
-6825.0
-7744.0
-6048.0
-4546.0
-12353.0
-9325.0
-11179.0
-7847.0
-9734.0
-7522.0
-9920.0
-21367.0
-6034.0
-10466.0
-10514.0
-12538.0
-6304.0
-10111.0
-10749.0
-8708.0
-13042.0
-4300.0
-6024.0
-6976.0
-13364.0
-5264.0
-9131.0
-5637.0
-10744.0
-7202.0
-6984.0
-7174.0
-9334.0
-11320.0
-10620.0
-4868.0
-18418.0
-12415.0
-8151.0
-14768.0
-10834.0
-6947.0
-5044.0
-15861.0
-7819.0
-4755.0
-16654.0
-11561.0
-12183.0
-13252.0
-10699.0
-5651.0
-3877.0
-3493.0
-7607.0
-5617.0
-5045.0
-7164.0
-3224.0
-7411.0
-7861.0
-12462.0
-7195.0
-8061.0
-5423.0
-6992.0
-4306.0
-7758.0
-7486.0
-12023.0
-13553.0
-2969.0
-7344.0
-4121.0
-11050.0
-7558.0
-7957.0
-8200.0
-9394.0
-5454.0
-5718.0
-3511.0
-5680.0
-7397.0
-4861.0
-7022.0
-8135.0
-8654.0
-10338.0
-6234.0
-8224.0
-6259.0
-6194.0
-7047.0
-7005.0
-4501.0
-12057.0
-10443.0
-12833.0
-10082.0
-11212.0
-7062.0
-5314.0
-2637.0
-9476.0
-4469.0
-6000.0
-6619.0
-4470.0
-4411.0
-6145.0
-13055.0
-6639.0
-5828.0
-8087.0
-10651.0
-5829.0
-11348.0
-9638.0
-4319.0
-15594.0
-6918.0
-4549.0
-6840.0
-10674.0
-9231.0
-7219.0
-5954.0
-8803.0
-4060.0
-3641.0
-4557.0
-9507.0
-18692.0
-3252.0
-3688.0
-8343.0
-8875.0
-6223.0
-5709.0
-7894.0
-11110.0
-2956.0
-10148.0
-8387.0
-6592.0
-11034.0
-8814.0
-6288.0
-7848.0
-8322.0
-8068.0
-4488.0
-6599.0
-5182.0
-3655.0
-2850.0
-8296.0
-4587.0
-7128.0
-7099.0
-10385.0
-4101.0
-4463.0
-9704.0
-9060.0
-2954.0
-9076.0
-6576.0
-3533.0
-15587.0
-4254.0
-6922.0
-4060.0
-5804.0
-7583.0
-6100.0
-4201.0
-8887.0
-5475.0
-5980.0
-3404.0
-5178.0
-7861.0
-5679.0
-3937.0
-14645.0
-9716.0
-3640.0
-8279.0
-5771.0
-5998.0
-5190.0
-6739.0
-4326.0
-3662.0
-5702.0
-5980.0
-4627.0
-9561.0
-6442.0
-3358.0
-4402.0
-3078.0
-5849.0
-4508.0
-3919.0
-5575.0
-3822.0
-3471.0
-5865.0
-11957.0
-3114.0
-3891.0
-7228.0
-9889.0
-5264.0
-6248.0
-6757.0
-3855.0
-14211.0
-5298.0
-3834.0
-5828.0
-7431.0
-5102.0
-8241.0
-4898.0
-5430.0
-3877.0
-4953.0
-3392.0
-7668.0
-10489.0
-4841.0
-3335.0
-5128.0
-6477.0
-5749.0
-5059.0
-4972.0
-5604.0
-5000.0
-10092.0
-5291.0
-3984.0
-9036.0
-5374.0
-7382.0
-5298.0
-4147.0
-4752.0
-2580.0
-2957.0
-4897.0
-3651.0
-3543.0
-4737.0
-2362.0
-3235.0
-4447.0
-6333.0
-2818.0
-3505.0
-4626.0
-5486.0
-2114.0
-4131.0
-3711.0
-2779.0
-9624.0
-2174.0
-4832.0
-3153.0
-4078.0
-3745.0
-2870.0
-2674.0
-8653.0
-4360.0
-2672.0
-3130.0
-7715.0
-8446.0
-4782.0
-2587.0
-3054.0
-3642.0
-6328.0
-3766.0
-5101.0
-3260.0
-4386.0
-4772.0
-5360.0
-3148.0
-5965.0
-3817.0
-5600.0
-7723.0
-3619.0
-3898.0
-2523.0
-1689.0
-5977.0
-2691.0
-2035.0
-4206.0
-2814.0
-2802.0
-6719.0
-3748.0
-2826.0
-4578.0
-4249.0
-4888.0
-1678.0
-8259.0
-3504.0
-2490.0
-6541.0
-2054.0
-5882.0
-2496.0
-4573.0
-2673.0
-4010.0
-2703.0
-6257.0
-1783.0
-3169.0
-3067.0
-4017.0
-10331.0
-1986.0
-2302.0
-5334.0
-3693.0
-5661.0
-2629.0
-7464.0
-5203.0
-4581.0
-3629.0
-4885.0
-2346.0
-3428.0
-6149.0
-4735.0
-6242.0
-4846.0
-5263.0
-2180.0
-2134.0
-6112.0
-3051.0
-2624.0
-2796.0
-2177.0
-2207.0
-3946.0
-6248.0
-2293.0
-2325.0
-5995.0
-5035.0
-2804.0
-4237.0
-7203.0
-3436.0
-12035.0
-3294.0
-2076.0
-2452.0
-3203.0
-2423.0
-3372.0
-2314.0
-4812.0
-1857.0
-2715.0
-2370.0
-4135.0
-9483.0
-2655.0
-2542.0
-5548.0
-6217.0
-3530.0
-2257.0
-4328.0
-3931.0
-2821.0
-3820.0
-3833.0
-1824.0
-4398.0
-6051.0
-4607.0
-3472.0
-3533.0
-3388.0
-1726.0
-3114.0
-3902.0
-2196.0
-3194.0
-3112.0
-2601.0
-2602.0
-4416.0
-3015.0
-1439.0
-2889.0
-3264.0
-3859.0
-1980.0
-3113.0
-3116.0
-2053.0
-4836.0
-1983.0
-3875.0
-2471.0
-3719.0
-2617.0
-2308.0
-2257.0
-4822.0
-1593.0
-2194.0
-2446.0
-2518.0
-18461.0
-1390.0
-1685.0
-7219.0
-4886.0
-3471.0
-1845.0
-4909.0
-3297.0
-2269.0
-2998.0
-4477.0
-3279.0
-3059.0
-3009.0
-5687.0
-4284.0
-2307.0
-1864.0
-2011.0
-2203.0
-6226.0
-2644.0
-2175.0
-2168.0
-2445.0
-1338.0
-2587.0
-2566.0
-1656.0
-1792.0
-2771.0
-7895.0
-1958.0
-3345.0
-4005.0
-5292.0
-4186.0
-3068.0
-2014.0
-2024.0
-4372.0
-2734.0
-1652.0
-3421.0
-2549.0
-2127.0
-1846.0
-2162.0
-2721.0
-7565.0
-2189.0
-1664.0
-7795.0
-4690.0
-5443.0
-4198.0
-2105.0
-4167.0
-2079.0
-2235.0
-3218.0
-1726.0
-2873.0
-2484.0
-9313.0
-2618.0
-2867.0
-1951.0
-1172.0
-1824.0
-3401.0
-3745.0
-2603.0
-2113.0
-2115.0
-1379.0
-2733.0
-3069.0
-1617.0
-1636.0
-2238.0
-3290.0
-1593.0
-2176.0
-3484.0
-2128.0
-4392.0
-1700.0
-1959.0
-3554.0
-4009.0
-3659.0
-1968.0
-1816.0
-2507.0
-1678.0
-2182.0
-1920.0
-2286.0
-3425.0
-1314.0
-2255.0
-3389.0
-3282.0
-3530.0
-1482.0
-2620.0
-4416.0
-1941.0
-3595.0
-3235.0
-1606.0
-3459.0
-3219.0
-3034.0
-4895.0
-2411.0
-1923.0
-1183.0
-1633.0
-6318.0
-2079.0
-1635.0
-3418.0
-1367.0
-1250.0
-3624.0
-3557.0
-1631.0
-1596.0
-2572.0
-3044.0
-1512.0
-2438.0
-2710.0
-3348.0
-4930.0
-1958.0
-3298.0
-6117.0
-2633.0
-3223.0
-2411.0
-1762.0
-6251.0
-2082.0
-2985.0
-1932.0
-2731.0
-5563.0
-1457.0
-1545.0
-2864.0
-3305.0
-2556.0
-2038.0
-3583.0
-2410.0
-2049.0
-2355.0
-2055.0
-2304.0
-3439.0
-2929.0
-3063.0
-2251.0
-3736.0
-2972.0
-1713.0
-1920.0
-4093.0
-2632.0
-2165.0
-1556.0
-1503.0
-1366.0
-2698.0
-3575.0
-1505.0
-3356.0
-2564.0
-2751.0
-1524.0
-2224.0
-1788.0
-2801.0
-5021.0
-2126.0
-1840.0
-1961.0
-3823.0
-1926.0
-1760.0
-1464.0
-2562.0
-1471.0
-2226.0
-1758.0
-2408.0
-6699.0
-1574.0
-1117.0
-3156.0
-3304.0
-3060.0
-1751.0
-2959.0
-2583.0
-1811.0
-2080.0
-2312.0
-1521.0
-3398.0
-2275.0
-2957.0
-3556.0
-3338.0
-1662.0
-1316.0
-1343.0
-2736.0
-1934.0
-1697.0
-1811.0
-1336.0
-1512.0
-1645.0
-1663.0
-1263.0
-1679.0
-2585.0
-2501.0
-1653.0
-2178.0
-2930.0
-1758.0
-4801.0
-2046.0
-1886.0
-1875.0
-2974.0
-3038.0
-1504.0
-1737.0
-2171.0
-1686.0
-1220.0
-1874.0
-3359.0
-3167.0
-1126.0
-1653.0
-3962.0
-2734.0
-3380.0
-1799.0
-1389.0
-2642.0
-2336.0
-3229.0
-2550.0
-1862.0
-2617.0
-1896.0
-5520.0
-2316.0
-2687.0
-1795.0
-1152.0
-1273.0
-1872.0
-2285.0
-1538.0
-1444.0
-1299.0
-1694.0
-2779.0
-2543.0
-1220.0
-1445.0
-1610.0
-2546.0
-1409.0
-1941.0
-3002.0
-1673.0
-3030.0
-1792.0
-1163.0
-1377.0
-2722.0
-1563.0
-1173.0
-1301.0
-1704.0
-1410.0
-1580.0
-1452.0
-1508.0
-3323.0
-1553.0
-1203.0
-3292.0
-3633.0
-1957.0
-1454.0
-1369.0
-1851.0
-1480.0
-2479.0
-2026.0
-1580.0
-3626.0
-1693.0
-2562.0
-1613.0
-1797.0
-1767.0
-1222.0
-2163.0
-3079.0
-1845.0
-1953.0
-1409.0
-1374.0
-1137.0
-1863.0
-1975.0
-1326.0
-1739.0
-1615.0
-2118.0
-1217.0
-1349.0
-2221.0
-1420.0
-3901.0
-1262.0
-1340.0
-1502.0
-3019.0
-1966.0
-1811.0
-1644.0
-3090.0
-1244.0
-1398.0
-1209.0
-1396.0
-2971.0
-1380.0
-1246.0
-1927.0
-3066.0
-2396.0
-1688.0
-1661.0
-2005.0
-1620.0
-2675.0
-2343.0
-1487.0
-3890.0
-2108.0
-2580.0
-2575.0
-2161.0
-1329.0
-1630.0
-1457.0
-2500.0
-1633.0
-1233.0
-1372.0
-1528.0
-1227.0
-2029.0
-1603.0
-1856.0
-1706.0
-2128.0
-1432.0
-1313.0
-1902.0
-2188.0
-1577.0
-2661.0
-1840.0
-1444.0
-1108.0
-2847.0
-1635.0
-1409.0
-1277.0
-2103.0
-1217.0
-1470.0
-1646.0
-2165.0
-2621.0
-1646.0
-1082.0
-2174.0
-2386.0
-1944.0
-1321.0
-1771.0
-2015.0
-1335.0
-2009.0
-1589.0
-1237.0
-2350.0
-1842.0
-2533.0
-2352.0
-1758.0
-1526.0
-1528.0
-1310.0
-1755.0
-1477.0
-1383.0
-1234.0
-1231.0
-1164.0
-1986.0
-1946.0
-1423.0
-1269.0
-1551.0
-1484.0
-1416.0
-1779.0
-2093.0
-1465.0
-2348.0
-1170.0
-1283.0
-1648.0
-2494.0
-1373.0
-1373.0
-1365.0
-1764.0
-1335.0
-1333.0
-1253.0
-1673.0
-3688.0
-1159.0
-1660.0
-1892.0
-2318.0
-2060.0
-1106.0
-1400.0
-2903.0
-2043.0
-1968.0
-1639.0
-1305.0
-2374.0
-1845.0
-2860.0
-1978.0
-1448.0
-1299.0
-1220.0
-1511.0
-1946.0
-1768.0
-1333.0
-1247.0
-1224.0
-1347.0
-1759.0
-1712.0
-1382.0
-1453.0
-1508.0
-1949.0
-2297.0
-1506.0
-2034.0
-1229.0
-3544.0
-1631.0
-1065.0
-1518.0
-2732.0
-1575.0
-1571.0
-1327.0
-2797.0
-1444.0
-1805.0
-1885.0
-2840.0
-4883.0
-1528.0
-1276.0
-2828.0
-2565.0
-2493.0
-1209.0
-1959.0
-2059.0
-1501.0
-3077.0
-2148.0
-1736.0
-1858.0
-2226.0
-3618.0
-2962.0
-1716.0
-2545.0
-1512.0
-1578.0
-2584.0
-1696.0
-1357.0
-2285.0
-1644.0
-2286.0
-1773.0
-1866.0
-1328.0
-1198.0
-1527.0
-2708.0
-1170.0
-2316.0
-1983.0
-1634.0
-3308.0
-1390.0
-1456.0
-1307.0
-3042.0
-1548.0
-1091.0
-1197.0
-1773.0
-1303.0
-1219.0
-1158.0
-2162.0
-2208.0
-1247.0
-1467.0
-2068.0
-3697.0
-2983.0
-1234.0
-2236.0
-2030.0
-2301.0
-1490.0
-1973.0
-1302.0
-1984.0
-1957.0
-2610.0
-1718.0
-1391.0
-1479.0
-1360.0
-1239.0
-1698.0
-1630.0
-1375.0
-1184.0
-1152.0
-1556.0
-1808.0
-1775.0
-1113.0
-1818.0
-1530.0
-1476.0
-1162.0
-1337.0
-1936.0
-1747.0
-2836.0
-1352.0
-1552.0
-1331.0
-3102.0
-1204.0
-1196.0
-1343.0
-2393.0
-1533.0
-1475.0
-1178.0
-1858.0
-2752.0
-1216.0
-1378.0
-2298.0
-2136.0
-1912.0
-1862.0
-1322.0
-1936.0
-2721.0
-1729.0
-1972.0
-3230.0
-2153.0
-2620.0
-2442.0
-2708.0
-1758.0
-1797.0
-1500.0
-1499.0
-2752.0
-1596.0
-1402.0
-1371.0
-1454.0
-1143.0
-2745.0
-2068.0
-1292.0
-1363.0
-1344.0
-1797.0
-1201.0
-1888.0
-2064.0
-1346.0
-2233.0
-1138.0
-1044.0
-1170.0
-2190.0
-1326.0
-1226.0
-1135.0
-1704.0
-1067.0
-1193.0
-1322.0
-1831.0
-2232.0
-1160.0
-1080.0
-1921.0
-2272.0
-2004.0
-1334.0
-1690.0
-2082.0
-1504.0
-1754.0
-1639.0
-1367.0
-1676.0
-2790.0
-1849.0
-3051.0
-2739.0
-1432.0
-1076.0
-1114.0
-2175.0
-1661.0
-1209.0
-1228.0
-1692.0
-1031.0
-1433.0
-1523.0
-1032.0
-1379.0
-2111.0
-1603.0
-1173.0
-1328.0
-1468.0
-1605.0
-2155.0
-1344.0
-1360.0
-1291.0
-2319.0
-1557.0
-1296.0
-1353.0
-1915.0
-1880.0
-1314.0
-951.0
-1694.0
-2505.0
-1590.0
-1346.0
-1878.0
-3729.0
-4019.0
-1378.0
-1970.0
-1549.0
-2144.0
-1796.0
-2340.0
-1507.0
-2419.0
-2135.0
-3320.0
-1690.0
-1941.0
-2417.0
-1241.0
-1391.0
-1713.0
-1645.0
-1814.0
-1877.0
-1314.0
-3101.0
-3843.0
-2372.0
-1704.0
-2658.0
-2876.0
-1698.0
-1521.0
-1786.0
-1902.0
-1248.0
-3343.0
-2352.0
-1883.0
-1502.0
-3493.0
-1351.0
-1371.0
-1596.0
-3160.0
-1594.0
-1303.0
-1212.0
-1492.0
-2510.0
-1118.0
-1344.0
-1408.0
-2974.0
-3619.0
-1249.0
-1823.0
-1698.0
-1220.0
-2129.0
-1474.0
-1289.0
-2040.0
-1607.0
-2058.0
-1319.0
-1402.0
-1257.0
-1097.0
-1071.0
-1369.0
-1378.0
-1236.0
-1042.0
-1138.0
-843.0
-1821.0
-1574.0
-1043.0
-1202.0
-1425.0
-1535.0
-1035.0
-1365.0
-2014.0
-2790.0
-2156.0
-1597.0
-1091.0
-1154.0
-2704.0
-1199.0
-1033.0
-1225.0
-2498.0
-1061.0
-1589.0
-1117.0
-1381.0
-1636.0
-1294.0
-1226.0
-1274.0
-2031.0
-1948.0
-1462.0
-1604.0
-1398.0
-1420.0
-1397.0
-1645.0
-2267.0
-1834.0
-2340.0
-1923.0
-1746.0
-1653.0
-1354.0
-1114.0
-1228.0
-2381.0
-1535.0
-1452.0
-1522.0
-1093.0
-1259.0
-1447.0
-1583.0
-1281.0
-1411.0
-2281.0
-1259.0
-1586.0
-3039.0
-1638.0
-1625.0
-2596.0
-1223.0
-1075.0
-1133.0
-2851.0
-1072.0
-1357.0
-1627.0
-2041.0
-1618.0
-1675.0
-1013.0
-2345.0
-2725.0
-1517.0
-1450.0
-1434.0
-3041.0
-2083.0
-1360.0
-2198.0
-2094.0
-1876.0
-2728.0
-1892.0
-1438.0
-2364.0
-1493.0
-3333.0
-2260.0
-2228.0
-1862.0
-1237.0
-1701.0
-1541.0
-2114.0
-1969.0
-1381.0
-1767.0
-1205.0
-1659.0
-1383.0
-1080.0
-1215.0
-1544.0
-1571.0
-1239.0
-1474.0
-2169.0
-1421.0
-2033.0
-1443.0
-1127.0
-1282.0
-3210.0
-1193.0
-1050.0
-1132.0
-1481.0
-1027.0
-1123.0
-867.0
-1293.0
-2439.0
-1490.0
-1076.0
-1632.0
-1935.0
-2002.0
-1453.0
-1640.0
-1604.0
-1365.0
-1505.0
-1785.0
-1720.0
-2502.0
-1498.0
-2659.0
-1472.0
-2199.0
-1230.0
-1019.0
-1398.0
-1549.0
-1478.0
-2245.0
-1140.0
-1311.0
-1106.0
-1643.0
-1539.0
-1176.0
-1112.0
-1707.0
-1483.0
-1025.0
-1388.0
-1438.0
-1255.0
-2545.0
-1073.0
-1419.0
-1113.0
-2277.0
-1101.0
-1165.0
-1204.0
-2212.0
-1021.0
-1619.0
-1035.0
-1740.0
-2718.0
-1194.0
-1133.0
-2191.0
-1934.0
-2124.0
-1058.0
-2079.0
-1533.0
-1442.0
-1688.0
-1938.0
-1385.0
-1890.0
-2096.0
-2295.0
-1907.0
-1295.0
-3410.0
-3900.0
-1212.0
-4245.0
-2437.0
-2220.0
-2682.0
-2583.0
-1218.0
-2617.0
-1680.0
-1198.0
-988.0
-1534.0
-1286.0
-1146.0
-2007.0
-2013.0
-1135.0
-2652.0
-1954.0
-1267.0
-1520.0
-2086.0
-1377.0
-1125.0
-1180.0
-1493.0
-1155.0
-1368.0
-1141.0
-1237.0
-2380.0
-1117.0
-1265.0
-1199.0
-3067.0
-2427.0
-1012.0
-1168.0
-1611.0
-2203.0
-2879.0
-2251.0
-1189.0
-2212.0
-1531.0
-2675.0
-1811.0
-1540.0
-2606.0
-1094.0
-1122.0
-1707.0
-1390.0
-1225.0
-1089.0
-1378.0
-1262.0
-1583.0
-1561.0
-1124.0
-1050.0
-2012.0
-1604.0
-1134.0
-1258.0
-3120.0
-1524.0
-1791.0
-1396.0
-1245.0
-1279.0
-2094.0
-1729.0
-1349.0
-1340.0
-1551.0
-1369.0
-1021.0
-1089.0
-1610.0
-1840.0
-1461.0
-1672.0
-1527.0
-1907.0
-2245.0
-1420.0
-1654.0
-1752.0
-1428.0
-1951.0
-1425.0
-1221.0
-1816.0
-1553.0
-2009.0
-1367.0
-1372.0
-2194.0
-996.0
-1289.0
-1784.0
-1598.0
-1491.0
-1362.0
-1474.0
-1939.0
-1729.0
-1976.0
-1547.0
-946.0
-1358.0
-1327.0
-1390.0
-1337.0
-1596.0
-2542.0
-2872.0
-1743.0
-1047.0
-1092.0
-2088.0
-1129.0
-1027.0
-1230.0
-2222.0
-1196.0
-2038.0
-1000.0
-1748.0
-1831.0
-1074.0
-1027.0
-1260.0
-1722.0
-1758.0
-1017.0
-1173.0
-1677.0
-1445.0
-2060.0
-1493.0
-1191.0
-1799.0
-1271.0
-2300.0
-1632.0
-1266.0
-1278.0
-972.0
-1191.0
-1690.0
-1620.0
-1091.0
-1357.0
-1345.0
-969.0
-1726.0
-1306.0
-1262.0
-999.0
-1233.0
-1406.0
-992.0
-1385.0
-1924.0
-1197.0
-2481.0
-1114.0
-1823.0
-1296.0
-2123.0
-1858.0
-1153.0
-1165.0
-1713.0
-1338.0
-1185.0
-3645.0
-2030.0
-1762.0
-2514.0
-1222.0
-2125.0
-2590.0
-2841.0
-1149.0
-2748.0
-1812.0
-1663.0
-1738.0
-2506.0
-1692.0
-2375.0
-1600.0
-2116.0
-1494.0
-1502.0
-1192.0
-1667.0
-1517.0
-1971.0
-1402.0
-1570.0
-1815.0
-1065.0
-1067.0
-1482.0
-1597.0
-948.0
-1445.0
-1335.0
-1980.0
-741.0
-1522.0
-1622.0
-1175.0
-2467.0
-1279.0
-743.0
-1596.0
-2893.0
-1481.0
-1136.0
-1157.0
-1702.0
-1278.0
-1097.0
-1025.0
-1394.0
-1940.0
-1012.0
-1029.0
-1239.0
-1974.0
-2220.0
-1061.0
-1334.0
-1593.0
-1327.0
-1666.0
-1400.0
-1133.0
-1628.0
-1295.0
-1828.0
-2337.0
-1759.0
-1273.0
-1662.0
-577.0
-1381.0
-1541.0
-1220.0
-1170.0
-2441.0
-1000.0
-1518.0
-2026.0
-1023.0
-790.0
-2477.0
-1361.0
-1054.0
-1403.0
-1688.0
-2302.0
-2550.0
-2035.0
-1144.0
-1091.0
-2332.0
-1192.0
-1099.0
-1099.0
-1457.0
-1058.0
-1852.0
-1999.0
-2255.0
-2348.0
-1067.0
-1038.0
-1245.0
-2956.0
-1728.0
-1137.0
-1269.0
-1305.0
-1254.0
-1578.0
-1583.0
-1202.0
-1845.0
-1665.0
-2392.0
-1666.0
-1384.0
-1157.0
-1019.0
-1020.0
-1524.0
-1478.0
-1174.0
-1109.0
-1160.0
-451.0
-1381.0
-1386.0
-1048.0
-1109.0
-3399.0
-1514.0
-1012.0
-1859.0
-2043.0
-1294.0
-1829.0
-1121.0
-686.0
-1102.0
-2512.0
-1244.0
-1023.0
-1167.0
-1785.0
-1055.0
-1064.0
-878.0
-1452.0
-1918.0
-1090.0
-1121.0
-1273.0
-2141.0
-2063.0
-1070.0
-1297.0
-1606.0
-1405.0
-1590.0
-1660.0
-1299.0
-2714.0
-1336.0
-1705.0
-2626.0
-1609.0
-1188.0
-1006.0
-1153.0
-1452.0
-1596.0
-1146.0
-1038.0
-1033.0
-667.0
-1466.0
-2895.0
-1037.0
-601.0
-3063.0
-1352.0
-1123.0
-1315.0
-1755.0
-1217.0
-2135.0
-1075.0
-1329.0
-1596.0
-2200.0
-1223.0
-1140.0
-1125.0
-1374.0
-1075.0
-1836.0
-1763.0
-1378.0
-1857.0
-1165.0
-1342.0
-1417.0
-2214.0
-1790.0
-1012.0
-1168.0
-1677.0
-1321.0
-1588.0
-1339.0
-1562.0
-1748.0
-1297.0
-2181.0
-1549.0
-1585.0
-1236.0
-1085.0
-872.0
-1343.0
-1559.0
-1241.0
-1668.0
-1078.0
-1270.0
-1805.0
-1507.0
-1067.0
-1384.0
-1433.0
-1225.0
-1238.0
-1510.0
-1640.0
-1292.0
-1779.0
-1130.0
-1316.0
-1076.0
-2067.0
-1101.0
-760.0
-1222.0
-1591.0
-1074.0
-2198.0
-1062.0
-1315.0
-1432.0
-1024.0
-1008.0
-1350.0
-2709.0
-2068.0
-1592.0
-1197.0
-1519.0
-1421.0
-1576.0
-1616.0
-1159.0
-1784.0
-1484.0
-1684.0
-2186.0
-1496.0
-1243.0
-1061.0
-559.0
-1382.0
-1469.0
-1208.0
-1046.0
-1317.0
-1066.0
-1877.0
-1627.0
-1001.0
-730.0
-1334.0
-1357.0
-1017.0
-1268.0
-1485.0
-1244.0
-1771.0
-1148.0
-1027.0
-1229.0
-2165.0
-1153.0
-1016.0
-1079.0
-1605.0
-1038.0
-1083.0
-1047.0
-1202.0
-1841.0
-648.0
-1026.0
-1229.0
-1878.0
-1714.0
-794.0
-1142.0
-1308.0
-1527.0
-1567.0
-1534.0
-1220.0
-1969.0
-1568.0
-2389.0
-1413.0
-1426.0
-1193.0
-1044.0
-1001.0
-1249.0
-1409.0
-1192.0
-1100.0
-1015.0
-617.0
-1357.0
-1303.0
-1227.0
-538.0
-1303.0
-1282.0
-507.0
-1317.0
-1805.0
-1223.0
-1830.0
-1168.0
-997.0
-1046.0
-1998.0
-886.0
-806.0
-5455.0
-1971.0
-1042.0
-747.0
-1404.0
-1354.0
-1517.0
-1056.0
-1247.0
-1400.0
-1752.0
-1783.0
-1144.0
-1296.0
-1894.0
-1284.0
-1265.0
-1422.0
-1242.0
-1953.0
-2248.0
-2311.0
-1688.0
-1324.0
-1045.0
-1155.0
-573.0
-1523.0
-1533.0
-1168.0
-1146.0
-1184.0
-598.0
-1366.0
-1567.0
-983.0
-810.0
-1230.0
-1319.0
-974.0
-1192.0
-1361.0
-1171.0
-1631.0
-1013.0
-1004.0
-1054.0
-1963.0
-1115.0
-1007.0
-1153.0
-1581.0
-1115.0
-627.0
-1029.0
-1340.0
-1994.0
-971.0
-1092.0
-1305.0
-4708.0
-2001.0
-1124.0
-1646.0
-2842.0
-1330.0
-2006.0
-1739.0
-1141.0
-1715.0
-1485.0
-2232.0
-1277.0
-1418.0
-1082.0
-1032.0
-1058.0
-1567.0
-1371.0
-1119.0
-1141.0
-1086.0
-550.0
-1573.0
-1402.0
-991.0
-795.0
-1305.0
-1258.0
-611.0
-1399.0
-1434.0
-1111.0
-1641.0
-1123.0
-794.0
-1961.0
-1928.0
-1169.0
-1005.0
-1143.0
-1519.0
-1028.0
-1653.0
-600.0
-1257.0
-2729.0
-1228.0
-1009.0
-1238.0
-1621.0
-1826.0
-1078.0
-1171.0
-2117.0
-1448.0
-1415.0
-1321.0
-1245.0
-1904.0
-1428.0
-2498.0
-1517.0
-1853.0
-1775.0
-1004.0
-1055.0
-1665.0
-1404.0
-1137.0
-1050.0
-1059.0
-740.0
-1386.0
-1500.0
-1772.0
-1100.0
-1267.0
-1278.0
-1030.0
-1345.0
-1602.0
-1112.0
-2029.0
-1132.0
-1002.0
-1076.0
-2670.0
-1097.0
-1124.0
-1116.0
-1532.0
-1069.0
-988.0
-610.0
-1278.0
-1396.0
-996.0
-1094.0
-1211.0
-1811.0
-1855.0
-1232.0
-1130.0
-1655.0
-1209.0
-1528.0
-1469.0
-1246.0
-1778.0
-1350.0
-2286.0
-1314.0
-2143.0
-1110.0
-3505.0
-1002.0
-2050.0
-1432.0
-1229.0
-1091.0
-1131.0
-452.0
-1436.0
-1453.0
-1067.0
-1116.0
-1283.0
-1573.0
-995.0
-1526.0
-1298.0
-1137.0
-1825.0
-1179.0
-1040.0
-1049.0
-2435.0
-1158.0
-1013.0
-1248.0
-1497.0
-1022.0
-1096.0
-1139.0
-1368.0
-1665.0
-963.0
-1012.0
-1182.0
-1647.0
-1740.0
-1046.0
-1153.0
-1517.0
-1271.0
-1528.0
-1454.0
-1206.0
-2064.0
-1350.0
-2356.0
-1381.0
-1833.0
-1204.0
-1041.0
-1054.0
-1692.0
-1323.0
-1100.0
-1473.0
-1073.0
-447.0
-1601.0
-1327.0
-975.0
-919.0
-1228.0
-1470.0
-995.0
-1307.0
-1737.0
-1221.0
-1815.0
-1139.0
-1170.0
-1059.0
-2001.0
-1142.0
-1052.0
-1091.0
-1607.0
-988.0
-1065.0
-1041.0
-1257.0
-1833.0
-938.0
-988.0
-1236.0
-1865.0
-1781.0
-1058.0
-1104.0
-1453.0
-1230.0
-1583.0
-1380.0
-1288.0
-2252.0
-1353.0
-2640.0
-1334.0
-1301.0
-1154.0
-948.0
-1240.0
-1286.0
-1401.0
-1136.0
-1011.0
-1024.0
-965.0
-1348.0
-1304.0
-953.0
-998.0
-1245.0
-1260.0
-959.0
-1211.0
-1428.0
-1298.0
-2020.0
-1199.0
-547.0
-1063.0
-1957.0
-1167.0
-1012.0
-1955.0
-1302.0
-1005.0
-1452.0
-975.0
-1254.0
-1765.0
-976.0
-958.0
-1321.0
-1924.0
-1685.0
-1044.0
-1127.0
-1316.0
-1259.0
-1467.0
-1282.0
-1177.0
-2068.0
-1435.0
-1932.0
-1269.0
-1368.0
-1118.0
-1023.0
-988.0
-1319.0
-1312.0
-1565.0
-1345.0
-1004.0
-1015.0
-1494.0
-1481.0
-1031.0
-806.0
-1325.0
-1354.0
-1010.0
-3022.0
-1288.0
-858.0
-2048.0
-1053.0
-1004.0
-1402.0
-2234.0
-1171.0
-1015.0
-1135.0
-1834.0
-1139.0
-985.0
-1011.0
-1264.0
-1696.0
-1008.0
-1001.0
-1544.0
-1663.0
-1749.0
-1031.0
-1092.0
-1319.0
-1229.0
-1428.0
-1505.0
-1241.0
-1925.0
-1213.0
-2543.0
-1293.0
-1705.0
-1206.0
-1002.0
-1009.0
-1213.0
-1396.0
-1180.0
-1090.0
-1033.0
-497.0
-1386.0
-1775.0
-984.0
-1228.0
-1300.0
-1370.0
-1058.0
-1204.0
-1926.0
-1376.0
-2117.0
-1164.0
-1148.0
-1076.0
-2206.0
-1093.0
-984.0
-1104.0
-1423.0
-981.0
-1008.0
-990.0
-1414.0
-1419.0
-962.0
-967.0
-1424.0
-1932.0
-1884.0
-1137.0
-1075.0
-1502.0
-1280.0
-1582.0
-1564.0
-1227.0
-1721.0
-1312.0
-2715.0
-1283.0
-1501.0
-1139.0
-1072.0
-1006.0
-1139.0
-1750.0
-1400.0
-1066.0
-1060.0
-941.0
-1371.0
-1421.0
-1081.0
-1078.0
-1226.0
-1212.0
-985.0
-1312.0
-1337.0
-1185.0
-1866.0
-1138.0
-1002.0
-1065.0
-2096.0
-1105.0
-1092.0
-1165.0
-1504.0
-1040.0
-996.0
-920.0
-1303.0
-1466.0
-955.0
-1118.0
-1294.0
-1573.0
-1788.0
-1039.0
-1060.0
-1531.0
-1320.0
-1496.0
-1311.0
-1272.0
-2104.0
-1404.0
-1892.0
-1596.0
-1633.0
-1272.0
-1715.0
-1077.0
-1210.0
-3191.0
-1172.0
-1394.0
-2818.0
-1590.0
-1853.0
-1493.0
-1019.0
-1407.0
-1566.0
-1159.0
-977.0
-1258.0
-1489.0
-1170.0
-1655.0
-1021.0
-1045.0
-1036.0
-2157.0
-1176.0
-1140.0
-1073.0
-2201.0
-1065.0
-1003.0
-1031.0
-1489.0
-1348.0
-1020.0
-1042.0
-1181.0
-2330.0
-1878.0
-890.0
-1414.0
-1534.0
-1448.0
-1740.0
-1516.0
-1237.0
-1864.0
-1461.0
-2151.0
-1322.0
-1706.0
-1251.0
-996.0
-1787.0
-1342.0
-1592.0
-1263.0
-1102.0
-1035.0
-512.0
-1423.0
-1327.0
-1058.0
-1048.0
-1142.0
-1640.0
-1056.0
-1141.0
-1626.0
-1234.0
-1653.0
-1033.0
-1009.0
-1037.0
-2441.0
-1148.0
-1029.0
-1057.0
-1408.0
-1131.0
-1013.0
-1001.0
-1311.0
-1322.0
-1039.0
-1021.0
-1255.0
-2056.0
-1940.0
-1059.0
-1192.0
-1524.0
-1354.0
-1522.0
-1378.0
-1135.0
-1943.0
-1301.0
-2048.0
-1571.0
-1367.0
-1138.0
-842.0
-977.0
-1240.0
-1375.0
-1073.0
-1451.0
-1070.0
-968.0
-1438.0
-1233.0
-984.0
-983.0
-1259.0
-1173.0
-823.0
-1538.0
-1681.0
-1668.0
-1676.0
-847.0
-993.0
-1141.0
-1738.0
-1194.0
-1005.0
-1098.0
-1528.0
-1007.0
-1462.0
-1093.0
-1235.0
-1276.0
-772.0
-986.0
-1319.0
-1962.0
-1649.0
-1674.0
-1133.0
-1746.0
-1290.0
-1537.0
-1560.0
-1184.0
-2050.0
-1432.0
-2148.0
-1274.0
-1350.0
-1141.0
-993.0
-1066.0
-1253.0
-1296.0
-1158.0
-1050.0
-1070.0
-999.0
-1447.0
-1288.0
-978.0
-992.0
-1262.0
-1264.0
-1019.0
-1286.0
-1705.0
-1222.0
-1787.0
-1238.0
-1023.0
-1256.0
-2156.0
-1176.0
-1034.0
-1091.0
-1432.0
-994.0
-995.0
-1314.0
-1409.0
-1466.0
-966.0
-982.0
-1215.0
-1641.0
-1644.0
-1092.0
-1329.0
-1275.0
-1307.0
-1562.0
-1509.0
-1150.0
-1812.0
-1791.0
-2086.0
-1512.0
-1357.0
-1153.0
-990.0
-1001.0
-1630.0
-1406.0
-1340.0
-1083.0
-1078.0
-353.0
-1342.0
-1531.0
-962.0
-994.0
-5376.0
-1181.0
-1013.0
-1465.0
-1500.0
-1186.0
-1876.0
-1091.0
-1146.0
-1242.0
-2470.0
-1368.0
-1082.0
-1058.0
-1454.0
-976.0
-427.0
-1059.0
-1279.0
-1697.0
-1028.0
-1022.0
-1384.0
-1635.0
-1788.0
-1395.0
-1123.0
-1282.0
-1321.0
-1365.0
-1324.0
-1216.0
-1628.0
-1199.0
-1965.0
-1740.0
-1692.0
-1075.0
-1010.0
-924.0
-1230.0
-1397.0
-1134.0
-1076.0
-1070.0
-508.0
-1411.0
-1358.0
-996.0
-1043.0
-1141.0
-1258.0
-970.0
-1186.0
-1572.0
-1347.0
-1652.0
-1150.0
-1018.0
-1028.0
-2345.0
-1086.0
-980.0
-1043.0
-1597.0
-1039.0
-1010.0
-1001.0
-1339.0
-1324.0
-966.0
-967.0
-1182.0
-1876.0
-1728.0
-1221.0
-1177.0
-1281.0
-1250.0
-1396.0
-1258.0
-1159.0
-1919.0
-1207.0
-1951.0
-1668.0
-1235.0
-1073.0
-573.0
-770.0
-1229.0
-1604.0
-1095.0
-1190.0
-1253.0
-765.0
-1351.0
-1339.0
-971.0
-661.0
-1151.0
-1240.0
-728.0
-1286.0
-1426.0
-1148.0
-1745.0
-1355.0
-1523.0
-1051.0
-1921.0
-1139.0
-1002.0
-1075.0
-1482.0
-1121.0
-986.0
-983.0
-1143.0
-1554.0
-979.0
-1336.0
-1228.0
-1496.0
-2001.0
-1200.0
-1131.0
-1274.0
-1181.0
-1418.0
-1483.0
-1214.0
-1857.0
-1341.0
-2213.0
-1190.0
-1595.0
-1127.0
-974.0
-547.0
-1136.0
-1409.0
-1273.0
-1159.0
-1033.0
-526.0
-1419.0
-1289.0
-991.0
-1020.0
-1200.0
-1229.0
-1002.0
-1162.0
-1506.0
-1158.0
-2268.0
-1148.0
-1022.0
-1136.0
-2065.0
-1035.0
-976.0
-1087.0
-1365.0
-1023.0
-970.0
-972.0
-1962.0
-1221.0
-1021.0
-970.0
-1178.0
-1491.0
-1835.0
-1042.0
-1118.0
-2065.0
-1182.0
-2065.0
-1883.0
-1062.0
-2285.0
-1317.0
-1846.0
-1540.0
-1380.0
-1113.0
-979.0
-982.0
-1412.0
-1195.0
-916.0
-1001.0
-1021.0
-968.0
-1289.0
-1485.0
-982.0
-984.0
-1149.0
-1208.0
-775.0
-1142.0
-1375.0
-1139.0
-1852.0
-1116.0
-997.0
-1006.0
-1985.0
-1108.0
-988.0
-1023.0
-1696.0
-996.0
-985.0
-971.0
-1250.0
-1330.0
-945.0
-1001.0
-1169.0
-1706.0
-1685.0
-1056.0
-1128.0
-1727.0
-1260.0
-1377.0
-1341.0
-1160.0
-1842.0
-1254.0
-2075.0
-1414.0
-1298.0
-1135.0
-1000.0
-979.0
-1200.0
-1305.0
-1164.0
-1180.0
-1027.0
-979.0
-1376.0
-1655.0
-978.0
-860.0
-1309.0
-1221.0
-991.0
-1215.0
-1403.0
-1098.0
-2007.0
-1356.0
-1024.0
-1023.0
-1866.0
-1044.0
-802.0
-1087.0
-1409.0
-1013.0
-964.0
-1013.0
-1177.0
-1303.0
-649.0
-1007.0
-1406.0
-1743.0
-1805.0
-1791.0
-1444.0
-1496.0
-962.0
-1553.0
-1213.0
-1114.0
-1911.0
-1338.0
-2016.0
-1419.0
-1371.0
-1084.0
-981.0
-970.0
-1187.0
-1246.0
-1097.0
-1094.0
-1086.0
-512.0
-2356.0
-1315.0
-1141.0
-1017.0
-1207.0
-1182.0
-980.0
-1420.0
-1509.0
-1229.0
-1489.0
-1091.0
-1028.0
-1060.0
-1861.0
-1153.0
-1642.0
-1037.0
-1533.0
-1000.0
-1455.0
-979.0
-1227.0
-1523.0
-1028.0
-973.0
-1148.0
-2174.0
-1662.0
-1048.0
-1156.0
-1387.0
-1226.0
-1781.0
-1185.0
-1216.0
-1693.0
-1266.0
-1879.0
-1230.0
-1482.0
-1099.0
-951.0
-975.0
-1230.0
-1312.0
-1155.0
-1005.0
-1049.0
-399.0
-1381.0
-2494.0
-1018.0
-972.0
-1306.0
-1226.0
-992.0
-1232.0
-1466.0
-1275.0
-2251.0
-1182.0
-1070.0
-1116.0
-1991.0
-1075.0
-1041.0
-1102.0
-1315.0
-1076.0
-985.0
-1020.0
-1286.0
-1619.0
-1165.0
-1006.0
-1280.0
-1609.0
-1621.0
-1046.0
-1034.0
-1231.0
-1262.0
-1404.0
-1482.0
-1131.0
-2096.0
-1341.0
-2055.0
-1221.0
-1286.0
-1273.0
-427.0
-1005.0
-1806.0
-1193.0
-1117.0
-665.0
-1045.0
-2176.0
-1516.0
-2315.0
-1032.0
-1280.0
-1130.0
-1237.0
-641.0
-1683.0
-1713.0
-1258.0
-2075.0
-1226.0
-688.0
-1105.0
-1783.0
-1055.0
-980.0
-1057.0
-1398.0
-1033.0
-1039.0
-993.0
-1363.0
-1394.0
-981.0
-1032.0
-1281.0
-1874.0
-1756.0
-1033.0
-1066.0
-1497.0
-1434.0
-1379.0
-1319.0
-1214.0
-1605.0
-1329.0
-1941.0
-1381.0
-1559.0
-1164.0
-949.0
-1001.0
-1242.0
-1379.0
-1078.0
-1034.0
-1036.0
-1040.0
-1448.0
-1232.0
-987.0
-1003.0
-1156.0
-1289.0
-983.0
-1263.0
-1656.0
-1140.0
-1680.0
-1070.0
-1003.0
-1022.0
-1757.0
-1120.0
-438.0
-985.0
-1484.0
-982.0
-965.0
-1020.0
-1150.0
-1339.0
-944.0
-977.0
-1232.0
-1686.0
-1626.0
-1186.0
-1103.0
-1283.0
-1397.0
-1375.0
-1272.0
-1145.0
-1639.0
-1306.0
-1739.0
-1354.0
-1441.0
-1051.0
-963.0
-952.0
-1256.0
-1390.0
-1139.0
-1069.0
-1067.0
-952.0
-1423.0
-1401.0
-967.0
-615.0
-1148.0
-1240.0
-968.0
-1191.0
-1395.0
-1244.0
-1936.0
-1130.0
-994.0
-1035.0
-1751.0
-1105.0
-1013.0
-1618.0
-1731.0
-1019.0
-963.0
-951.0
-1242.0
-1404.0
-947.0
-967.0
-1242.0
-1588.0
-1816.0
-1035.0
-1045.0
-1401.0
-1391.0
-1307.0
-1331.0
-1123.0
-1835.0
-1321.0
-1753.0
-1226.0
-1394.0
-1165.0
-969.0
-971.0
-1271.0
-1314.0
-1161.0
-1001.0
-1053.0
-899.0
-1459.0
-1203.0
-953.0
-972.0
-1236.0
-1204.0
-881.0
-1274.0
-1281.0
-1198.0
-1950.0
-1122.0
-999.0
-1053.0
-2102.0
-1074.0
-1002.0
-1046.0
-1474.0
-1001.0
-894.0
-772.0
-1393.0
-1341.0
-960.0
-721.0
-1339.0
-1997.0
-1663.0
-1052.0
-1071.0
-1901.0
-1417.0
-1402.0
-1277.0
-1181.0
-1542.0
-1330.0
-1496.0
-1279.0
-1752.0
-1034.0
-575.0
-971.0
-1372.0
-1378.0
-1082.0
-1016.0
-1012.0
-342.0
-1436.0
-1125.0
-973.0
-1008.0
-1604.0
-1202.0
-958.0
-1009.0
-1324.0
-1089.0
-1863.0
-1419.0
-735.0
-1062.0
-1881.0
-1108.0
-1005.0
-1037.0
-1412.0
-989.0
-977.0
-974.0
-1201.0
-1492.0
-936.0
-654.0
-1153.0
-1677.0
-1516.0
-1066.0
-1120.0
-1257.0
-1229.0
-1598.0
-1288.0
-1125.0
-1594.0
-1227.0
-1821.0
-1214.0
-1350.0
-1137.0
-996.0
-998.0
-1204.0
-1369.0
-1073.0
-986.0
-1009.0
-272.0
-1428.0
-1164.0
-963.0
-970.0
-1383.0
-930.0
-987.0
-1406.0
-1278.0
-1646.0
-1988.0
-725.0
-1071.0
-1003.0
-1705.0
-1158.0
-1046.0
-1098.0
-2556.0
-995.0
-2278.0
-1022.0
-1146.0
-4396.0
-1050.0
-1006.0
-1340.0
-3119.0
-1700.0
-1251.0
-1125.0
-1614.0
-1297.0
-1373.0
-1393.0
-1174.0
-1651.0
-1268.0
-1818.0
-1202.0
-1295.0
-1178.0
-966.0
-1020.0
-1260.0
-1366.0
-1160.0
-1126.0
-1007.0
-967.0
-1350.0
-1494.0
-976.0
-1007.0
-1310.0
-1167.0
-971.0
-1231.0
-1478.0
-1267.0
-1933.0
-1028.0
-1050.0
-1024.0
-1769.0
-1197.0
-986.0
-1051.0
-1482.0
-966.0
-949.0
-980.0
-1267.0
-1399.0
-947.0
-980.0
-1176.0
-4265.0
-1627.0
-1667.0
-1114.0
-1487.0
-1237.0
-1605.0
-1358.0
-1108.0
-1840.0
-875.0
-1733.0
-1188.0
-1408.0
-1084.0
-570.0
-1721.0
-1521.0
-1664.0
-1197.0
-720.0
-1213.0
-989.0
-1350.0
-1448.0
-981.0
-1333.0
-1616.0
-1445.0
-946.0
-1339.0
-1389.0
-1324.0
-2001.0
-1171.0
-1021.0
-1029.0
-4152.0
-814.0
-2716.0
-1059.0
-1342.0
-1000.0
-707.0
-442.0
-1619.0
-1364.0
-965.0
-648.0
-1188.0
-3070.0
-1490.0
-1053.0
-1215.0
-1264.0
-827.0
-1297.0
-1241.0
-1104.0
-3181.0
-2702.0
-1917.0
-1293.0
-1385.0
-1120.0
-632.0
-2042.0
-1006.0
-1343.0
-710.0
-1065.0
-1046.0
-375.0
-1278.0
-1425.0
-1008.0
-986.0
-1296.0
-1052.0
-999.0
-1213.0
-1400.0
-1176.0
-2209.0
-2031.0
-985.0
-1013.0
-1796.0
-1093.0
-1056.0
-1083.0
-1267.0
-1179.0
-974.0
-1019.0
-1225.0
-1792.0
-984.0
-989.0
-1249.0
-1624.0
-1918.0
-1077.0
-1081.0
-1165.0
-1331.0
-1747.0
-1474.0
-1224.0
-1745.0
-1166.0
-1757.0
-1212.0
-1498.0
-1034.0
-967.0
-772.0
-1201.0
-1467.0
-2191.0
-979.0
-1089.0
-986.0
-1274.0
-1359.0
-996.0
-1008.0
-1277.0
-1276.0
-1098.0
-1324.0
-1394.0
-1246.0
-2182.0
-1227.0
-1011.0
-1078.0
-1794.0
-1133.0
-1038.0
-1048.0
-1338.0
-985.0
-943.0
-962.0
-1203.0
-1288.0
-962.0
-1108.0
-1160.0
-1689.0
-1737.0
-1020.0
-1047.0
-1452.0
-1276.0
-1517.0
-1264.0
-1105.0
-1921.0
-1305.0
-1949.0
-1228.0
-1561.0
-1160.0
-949.0
-990.0
-1190.0
-1503.0
-1020.0
-993.0
-1021.0
-317.0
-1316.0
-1510.0
-960.0
-945.0
-1174.0
-1883.0
-718.0
-1204.0
-1494.0
-1263.0
-2137.0
-1243.0
-1062.0
-1009.0
-1945.0
-1064.0
-1029.0
-4171.0
-1250.0
-983.0
-696.0
-664.0
-1339.0
-1767.0
-692.0
-980.0
-1111.0
-1640.0
-2065.0
-1054.0
-1046.0
-1439.0
-1221.0
-1443.0
-1254.0
-1204.0
-1874.0
-1172.0
-1836.0
-1441.0
-1206.0
-1248.0
-962.0
-737.0
-1184.0
-3397.0
-1093.0
-616.0
-1001.0
-620.0
-1209.0
-1292.0
-1072.0
-1016.0
-1236.0
-1125.0
-683.0
-1134.0
-1306.0
-1156.0
-2097.0
-1278.0
-503.0
-989.0
-1710.0
-1136.0
-1004.0
-1067.0
-1290.0
-996.0
-583.0
-1496.0
-1243.0
-1293.0
-953.0
-961.0
-1222.0
-1575.0
-1509.0
-1027.0
-1129.0
-1130.0
-1158.0
-1312.0
-1206.0
-1160.0
-1657.0
-1301.0
-2275.0
-1448.0
-1723.0
-1136.0
-936.0
-556.0
-1494.0
-1357.0
-1056.0
-1042.0
-1023.0
-928.0
-1448.0
-1400.0
-957.0
-960.0
-1148.0
-1157.0
-691.0
-1183.0
-1243.0
-1154.0
-1793.0
-1111.0
-992.0
-1017.0
-1924.0
-1139.0
-1007.0
-1077.0
-1457.0
-979.0
-925.0
-997.0
-1181.0
-1440.0
-926.0
-977.0
-1161.0
-1544.0
-1760.0
-986.0
-715.0
-1165.0
-1211.0
-1512.0
-1283.0
-1091.0
-1849.0
-1288.0
-1920.0
-3278.0
-1486.0
-1175.0
-957.0
-986.0
-1237.0
-1300.0
-1102.0
-1022.0
-1527.0
-1116.0
-1460.0
-1324.0
-961.0
-559.0
-1211.0
-1186.0
-975.0
-1163.0
-1371.0
-1118.0
-1690.0
-1092.0
-703.0
-1080.0
-1934.0
-1174.0
-1031.0
-1062.0
-1489.0
-992.0
-956.0
-583.0
-1341.0
-1267.0
-691.0
-954.0
-1151.0
-1854.0
-1861.0
-1087.0
-561.0
-1411.0
-1230.0
-1128.0
-1300.0
-1079.0
-1644.0
-1452.0
-2030.0
-1237.0
-1248.0
-1206.0
-957.0
-1013.0
-1309.0
-1249.0
-1021.0
-1068.0
-983.0
-965.0
-1322.0
-1318.0
-967.0
-972.0
-1202.0
-1223.0
-989.0
-1153.0
-1174.0
-1137.0
-2243.0
-1082.0
-1007.0
-982.0
-1870.0
-1047.0
-662.0
-1039.0
-1476.0
-982.0
-1003.0
-977.0
-1246.0
-1576.0
-957.0
-953.0
-1212.0
-1982.0
-1753.0
-1013.0
-1156.0
-1513.0
-1228.0
-1334.0
-1395.0
-1128.0
-1787.0
-1308.0
-1534.0
-2250.0
-1269.0
-1104.0
-968.0
-994.0
-1681.0
-1404.0
-1127.0
-570.0
-1064.0
-562.0
-1365.0
-1278.0
-979.0
-1003.0
-1186.0
-1209.0
-958.0
-1249.0
-1294.0
-1265.0
-1753.0
-1077.0
-1007.0
-1032.0
-1886.0
-1094.0
-1028.0
-1049.0
-1450.0
-983.0
-963.0
-990.0
-1302.0
-1199.0
-1020.0
-958.0
-1218.0
-1522.0
-1671.0
-1012.0
-1017.0
-1307.0
-1122.0
-1554.0
-1495.0
-1163.0
-1707.0
-1303.0
-1678.0
-1515.0
-1405.0
-1148.0
-970.0
-987.0
-1170.0
-1331.0
-1127.0
-1084.0
-1030.0
-319.0
-1323.0
-1521.0
-961.0
-601.0
-1219.0
-789.0
-928.0
-1389.0
-1356.0
-1151.0
-1938.0
-1064.0
-1013.0
-1038.0
-2217.0
-685.0
-1001.0
-1061.0
-1505.0
-1075.0
-982.0
-993.0
-1348.0
-1509.0
-985.0
-993.0
-1200.0
-1490.0
-1700.0
-1013.0
-1139.0
-1239.0
-1227.0
-1372.0
-1485.0
-1197.0
-1581.0
-1220.0
-1764.0
-1222.0
-1262.0
-1062.0
-965.0
-1002.0
-1139.0
-1412.0
-1138.0
-1047.0
-981.0
-985.0
-1391.0
-1495.0
-965.0
-1041.0
-1160.0
-1199.0
-950.0
-1233.0
-1230.0
-1095.0
-1626.0
-1076.0
-963.0
-1065.0
-1854.0
-1072.0
-963.0
-1026.0
-2216.0
-995.0
-947.0
-1009.0
-1108.0
-1316.0
-617.0
-800.0
-1326.0
-1679.0
-1776.0
-1061.0
-1174.0
-1189.0
-1179.0
-1414.0
-1312.0
-1165.0
-1507.0
-1320.0
-1498.0
-1216.0
-1328.0
-1189.0
-969.0
-1015.0
-1230.0
-1286.0
-1086.0
-1096.0
-1018.0
-967.0
-1449.0
-1230.0
-1000.0
-504.0
-1417.0
-1184.0
-980.0
-1334.0
-1264.0
-1099.0
-1589.0
-1001.0
-1008.0
-1032.0
-1855.0
-1069.0
-561.0
-1033.0
-1411.0
-634.0
-749.0
-1138.0
-1260.0
-1336.0
-500.0
-970.0
-1196.0
-1630.0
-1687.0
-1019.0
-1074.0
-1248.0
-1221.0
-1299.0
-1336.0
-1150.0
-1703.0
-1310.0
-1606.0
-1340.0
-1422.0
-1112.0
-678.0
-955.0
-1212.0
-1204.0
-1032.0
-1094.0
-1009.0
-977.0
-1331.0
-1250.0
-949.0
-976.0
-1278.0
-1217.0
-955.0
-1268.0
-1748.0
-1240.0
-1562.0
-1214.0
-1015.0
-1076.0
-1639.0
-1066.0
-1077.0
-999.0
-1309.0
-972.0
-967.0
-1018.0
-1297.0
-1314.0
-980.0
-681.0
-1197.0
-1697.0
-1510.0
-1039.0
-1066.0
-1250.0
-1171.0
-1166.0
-1644.0
-1078.0
-1578.0
-1251.0
-1769.0
-1206.0
-1319.0
-1136.0
-975.0
-947.0
-1192.0
-1315.0
-1131.0
-1046.0
-986.0
-941.0
-1317.0
-1503.0
-970.0
-960.0
-1128.0
-1131.0
-972.0
-1278.0
-1224.0
-1136.0
-1598.0
-1150.0
-1016.0
-1054.0
-1801.0
-1141.0
-1010.0
-1009.0
-1336.0
-962.0
-956.0
-1033.0
-1177.0
-1501.0
-954.0
-935.0
-1249.0
-1606.0
-1620.0
-1011.0
-1074.0
-1526.0
-1206.0
-1329.0
-1210.0
-1184.0
-1768.0
-1333.0
-1612.0
-1303.0
-1286.0
-1108.0
-945.0
-945.0
-1193.0
-1290.0
-1096.0
-1014.0
-1036.0
-282.0
-1231.0
-1358.0
-995.0
-942.0
-1209.0
-1282.0
-967.0
-1185.0
-1226.0
-1103.0
-1672.0
-1045.0
-1000.0
-1183.0
-1717.0
-1240.0
-978.0
-1010.0
-1409.0
-954.0
-958.0
-963.0
-1139.0
-1216.0
-955.0
-1000.0
-1166.0
-1493.0
-1627.0
-1017.0
-1173.0
-1321.0
-1196.0
-1455.0
-1282.0
-1076.0
-1619.0
-1207.0
-1614.0
-1276.0
-1464.0
-1133.0
-967.0
-975.0
-1269.0
-1307.0
-1088.0
-1115.0
-971.0
-942.0
-1347.0
-1921.0
-951.0
-1077.0
-1338.0
-1244.0
-984.0
-1251.0
-1237.0
-1170.0
-1868.0
-1155.0
-1074.0
-1049.0
-2043.0
-1135.0
-1001.0
-1056.0
-1577.0
-973.0
-998.0
-580.0
-1381.0
-1380.0
-954.0
-665.0
-1163.0
-1611.0
-1544.0
-1069.0
-1076.0
-1148.0
-1162.0
-1381.0
-1260.0
-1064.0
-1646.0
-1233.0
-1905.0
-1534.0
-1420.0
-1139.0
-966.0
-977.0
-1181.0
-1272.0
-1104.0
-1086.0
-987.0
-953.0
-1672.0
-1405.0
-955.0
-963.0
-1343.0
-1245.0
-438.0
-1188.0
-1297.0
-1131.0
-1895.0
-1051.0
-1060.0
-990.0
-1839.0
-1118.0
-985.0
-998.0
-1351.0
-994.0
-958.0
-957.0
-1193.0
-1471.0
-983.0
-948.0
-1152.0
-1511.0
-1540.0
-1054.0
-1056.0
-1175.0
-1194.0
-1370.0
-1323.0
-1172.0
-1500.0
-1443.0
-1805.0
-1185.0
-768.0
-1140.0
-957.0
-977.0
-1345.0
-1261.0
-1062.0
-730.0
-993.0
-962.0
-1371.0
-1356.0
-977.0
-893.0
-1081.0
-1179.0
-982.0
-1154.0
-1321.0
-1071.0
-1658.0
-1123.0
-959.0
-1053.0
-1960.0
-1106.0
-800.0
-1039.0
-1299.0
-995.0
-962.0
-969.0
-1172.0
-1266.0
-587.0
-935.0
-1137.0
-1655.0
-1894.0
-997.0
-661.0
-1210.0
-1212.0
-1498.0
-1290.0
-1103.0
-1681.0
-1280.0
-1921.0
-1306.0
-1423.0
-1193.0
-1023.0
-966.0
-1219.0
-1261.0
-1092.0
-1034.0
-1034.0
-551.0
-1307.0
-1446.0
-931.0
-979.0
-1112.0
-801.0
-977.0
-1435.0
-1269.0
-1068.0
-1721.0
-969.0
-1041.0
-1038.0
-2024.0
-1178.0
-981.0
-984.0
-1350.0
-979.0
-592.0
-961.0
-1284.0
-1527.0
-535.0
-960.0
-1232.0
-1759.0
-1541.0
-1049.0
-1037.0
-1356.0
-1258.0
-1402.0
-1261.0
-1136.0
-1528.0
-1273.0
-1938.0
-1160.0
-1161.0
-1085.0
-995.0
-969.0
-1194.0
-1294.0
-1142.0
-1016.0
-938.0
-966.0
-1464.0
-1180.0
-967.0
-938.0
-1186.0
-1246.0
-994.0
-1398.0
-1211.0
-1130.0
-1710.0
-756.0
-1018.0
-1068.0
-2334.0
-1067.0
-974.0
-986.0
-1296.0
-1013.0
-994.0
-954.0
-1185.0
-1294.0
-777.0
-967.0
-1106.0
-1454.0
-1558.0
-993.0
-1123.0
-1196.0
-1253.0
-1384.0
-1322.0
-1079.0
-1726.0
-1178.0
-1890.0
-1174.0
-1494.0
-1149.0
-963.0
-956.0
-1181.0
-1295.0
-1093.0
-1029.0
-1025.0
-682.0
-1270.0
-1298.0
-971.0
-999.0
-1199.0
-1171.0
-973.0
-1192.0
-1471.0
-1320.0
-1444.0
-1070.0
-990.0
-1017.0
-1948.0
-1048.0
-655.0
-1005.0
-1526.0
-954.0
-965.0
-955.0
-1122.0
-1208.0
-957.0
-963.0
-1257.0
-1460.0
-1572.0
-1021.0
-1031.0
-1113.0
-1162.0
-1207.0
-1263.0
-1176.0
-1924.0
-1282.0
-1658.0
-1132.0
-1210.0
-1076.0
-944.0
-970.0
-1232.0
-1234.0
-1086.0
-1090.0
-998.0
-955.0
-1347.0
-1257.0
-959.0
-981.0
-1093.0
-1002.0
-977.0
-1173.0
-1225.0
-1104.0
-1643.0
-1172.0
-1012.0
-1048.0
-1874.0
-1125.0
-1013.0
-1047.0
-1387.0
-957.0
-965.0
-979.0
-1245.0
-1255.0
-977.0
-951.0
-1164.0
-1584.0
-1641.0
-1050.0
-1104.0
-1169.0
-1180.0
-1479.0
-1380.0
-1138.0
-1585.0
-1245.0
-1534.0
-1334.0
-1176.0
-1112.0
-970.0
-967.0
-1229.0
-1291.0
-1094.0
-633.0
-1065.0
-397.0
-1272.0
-1124.0
-1047.0
-979.0
-1190.0
-1279.0
-938.0
-1118.0
-1552.0
-1231.0
-1734.0
-1073.0
-1010.0
-1041.0
-2140.0
-1101.0
-998.0
-1006.0
-1268.0
-1028.0
-922.0
-935.0
-1254.0
-1276.0
-927.0
-943.0
-1255.0
-1474.0
-1495.0
-1051.0
-1100.0
-1200.0
-1196.0
-1216.0
-1543.0
-1085.0
-1582.0
-1237.0
-1643.0
-1311.0
-1264.0
-1141.0
-952.0
-968.0
-1184.0
-1365.0
-1048.0
-999.0
-1022.0
-948.0
-1339.0
-1328.0
-959.0
-944.0
-1101.0
-1190.0
-935.0
-1242.0
-1219.0
-1130.0
-1674.0
-1072.0
-870.0
-1004.0
-1890.0
-1027.0
-1007.0
-1019.0
-1379.0
-988.0
-945.0
-952.0
-1308.0
-1289.0
-1011.0
-957.0
-1200.0
-1559.0
-1669.0
-1067.0
-1050.0
-1292.0
-1280.0
-1396.0
-1407.0
-1133.0
-1575.0
-1343.0
-1433.0
-1291.0
-1281.0
-1080.0
-1024.0
-995.0
-1175.0
-1401.0
-1173.0
-1045.0
-1128.0
-930.0
-1402.0
-1267.0
-970.0
-757.0
-1178.0
-1092.0
-967.0
-1197.0
-1243.0
-1149.0
-1813.0
-727.0
-986.0
-1024.0
-1869.0
-1167.0
-1014.0
-1052.0
-1576.0
-976.0
-982.0
-953.0
-1285.0
-1491.0
-964.0
-958.0
-1205.0
-1724.0
-1754.0
-1020.0
-1026.0
-1320.0
-1254.0
-1733.0
-1382.0
-1097.0
-1630.0
-1357.0
-1623.0
-1164.0
-1288.0
-1122.0
-966.0
-1012.0
-1113.0
-1272.0
-1089.0
-1028.0
-1038.0
-274.0
-1327.0
-1287.0
-988.0
-991.0
-1176.0
-1123.0
-946.0
-1115.0
-1420.0
-1177.0
-1665.0
-1176.0
-591.0
-962.0
-1853.0
-1036.0
-982.0
-1047.0
-1387.0
-994.0
-579.0
-589.0
-1274.0
-1326.0
-975.0
-969.0
-1130.0
-1647.0
-1797.0
-1023.0
-770.0
-1302.0
-1225.0
-1303.0
-1265.0
-1089.0
-1413.0
-1190.0
-1867.0
-1175.0
-1228.0
-1080.0
-949.0
-977.0
-1199.0
-1194.0
-1044.0
-1117.0
-997.0
-955.0
-1416.0
-1329.0
-1103.0
-529.0
-1105.0
-1172.0
-992.0
-955.0
-1267.0
-1046.0
-1606.0
-1092.0
-989.0
-1039.0
-2171.0
-1075.0
-516.0
-986.0
-1484.0
-1269.0
-977.0
-977.0
-1243.0
-1338.0
-924.0
-946.0
-1173.0
-1468.0
-1536.0
-1024.0
-992.0
-1267.0
-1195.0
-1447.0
-1464.0
-1172.0
-1443.0
-1231.0
-1596.0
-1294.0
-1152.0
-1078.0
-969.0
-974.0
-1147.0
-1224.0
-1046.0
-1009.0
-1005.0
-949.0
-1343.0
-1263.0
-960.0
-960.0
-1124.0
-1111.0
-1529.0
-1183.0
-1373.0
-1085.0
-1494.0
-1323.0
-1006.0
-1045.0
-1904.0
-1067.0
-1034.0
-1054.0
-1392.0
-972.0
-964.0
-997.0
-1252.0
-1249.0
-971.0
-999.0
-1229.0
-1465.0
-1830.0
-1040.0
-1062.0
-1168.0
-1229.0
-1559.0
-1284.0
-1104.0
-1479.0
-1226.0
-1742.0
-1672.0
-1247.0
-1100.0
-950.0
-990.0
-1201.0
-1244.0
-1137.0
-1058.0
-995.0
-297.0
-1290.0
-1339.0
-969.0
-947.0
-1152.0
-1133.0
-947.0
-1265.0
