-18560.0
-14123.0
-18208.0
-11806.0
-15494.0
-12628.0
-18558.0
-14773.0
-14897.0
-13554.0
-18411.0
-9732.0
-16300.0
-10728.0
-14058.0
-18657.0
-12459.0
-13804.0
-15519.0
-22852.0
-23172.0
-12228.0
-12462.0
-21694.0
-21438.0
-13592.0
-18112.0
-14955.0
-19902.0
-16903.0
-17342.0
-13055.0
-15248.0
-20126.0
-16998.0
-19653.0
-19531.0
-14737.0
-15558.0
-14148.0
-8829.0
-13347.0
-18399.0
-18032.0
-8749.0
-13415.0
-15855.0
-15752.0
-13477.0
-13358.0
-25534.0
-16359.0
-17290.0
-12675.0
-12574.0
-14249.0
-18642.0
-13600.0
-12108.0
-11850.0
-15058.0
-12597.0
-15947.0
-10671.0
-17856.0
-18589.0
-11391.0
-14708.0
-14713.0
-17528.0
-17556.0
-11656.0
-16097.0
-13770.0
-12409.0
-12865.0
-17637.0
-13337.0
-18451.0
-17136.0
-14459.0
-21742.0
-13031.0
-11867.0
-11119.0
-12995.0
-15514.0
-15447.0
-10385.0
-14281.0
-11967.0
-14341.0
-11432.0
-20483.0
-7780.0
-9962.0
-16590.0
-14324.0
-11049.0
-14535.0
-12730.0
-16414.0
-19115.0
-12818.0
-9957.0
-16414.0
-14493.0
-14938.0
-7425.0
-9319.0
-19164.0
-16186.0
-6909.0
-14212.0
-18951.0
-18776.0
-8259.0
-11065.0
-15504.0
-20135.0
-13404.0
-13475.0
-15056.0
-12988.0
-12399.0
-18097.0
-15679.0
-14741.0
-17965.0
-14612.0
-17623.0
-16965.0
-18391.0
-12961.0
-9671.0
-10394.0
-15160.0
-8476.0
-9130.0
-13445.0
-8141.0
-14101.0
-14138.0
-16698.0
-8784.0
-7579.0
-14514.0
-13543.0
-11147.0
-13931.0
-15747.0
-12510.0
-24140.0
-10579.0
-7265.0
-14207.0
-14878.0
-11393.0
-9633.0
-6042.0
-15454.0
-10277.0
-10380.0
-10518.0
-15871.0
-10769.0
-8958.0
-7461.0
-16643.0
-14465.0
-16315.0
-9901.0
-12768.0
-10269.0
-11432.0
-15128.0
-16014.0
-11613.0
-23423.0
-13438.0
-13968.0
-21203.0
-15618.0
-6249.0
-10275.0
-9949.0
-11553.0
-22662.0
-11453.0
-10303.0
-7466.0
-10999.0
-10535.0
-15075.0
-11489.0
-11689.0
-16709.0
-16287.0
-9759.0
-11069.0
-14452.0
-9110.0
-16962.0
-9499.0
-14171.0
-12894.0
-11468.0
-14296.0
-13595.0
-11347.0
-13405.0
-11521.0
-14098.0
-12615.0
-15434.0
-18583.0
-8133.0
-9073.0
-19825.0
-13599.0
-20026.0
-14032.0
-14295.0
-12378.0
-12839.0
-8420.0
-13313.0
-10190.0
-14927.0
-11931.0
-13186.0
-12570.0
-16617.0
-7667.0
-6161.0
-10705.0
-11145.0
-8287.0
-16063.0
-8505.0
-10878.0
-12170.0
-12116.0
-14479.0
-5294.0
-11331.0
-11173.0
-13968.0
-7459.0
-13935.0
-11445.0
-11462.0
-17374.0
-12101.0
-10524.0
-11836.0
-14340.0
-11351.0
-8197.0
-11483.0
-11359.0
-9997.0
-14463.0
-7613.0
-10845.0
-13487.0
-7848.0
-7787.0
-11519.0
-9324.0
-14433.0
-8774.0
-6801.0
-11614.0
-8756.0
-8315.0
-10978.0
-8360.0
-20533.0
-7591.0
-8424.0
-12919.0
-15550.0
-11979.0
-7056.0
-6573.0
-11952.0
-7436.0
-6002.0
-11366.0
-9629.0
-7301.0
-11105.0
-13864.0
-5317.0
-8892.0
-9652.0
-8931.0
-9041.0
-13694.0
-12522.0
-9351.0
-10566.0
-7602.0
-11971.0
-11628.0
-9239.0
-6163.0
-7262.0
-10903.0
-14272.0
-7593.0
-6484.0
-7581.0
-10010.0
-12992.0
-7065.0
-8017.0
-9325.0
-15808.0
-17463.0
-12904.0
-11349.0
-11641.0
-11184.0
-13528.0
-15363.0
-7552.0
-15465.0
-8756.0
-12801.0
-10865.0
-10733.0
-8620.0
-4850.0
-6787.0
-9133.0
-10501.0
-8631.0
-6669.0
-7142.0
-6749.0
-11283.0
-15063.0
-5707.0
-7619.0
-10859.0
-6244.0
-10488.0
-5955.0
-11910.0
-8307.0
-18626.0
-8528.0
-6845.0
-5617.0
-8112.0
-5715.0
-6385.0
-5075.0
-12973.0
-5607.0
-9588.0
-5737.0
-5928.0
-13890.0
-5185.0
-3304.0
-10549.0
-8476.0
-11116.0
-6364.0
-5067.0
-4726.0
-7538.0
-6881.0
-8238.0
-4232.0
-12110.0
-5987.0
-9726.0
-12019.0
-12258.0
-3215.0
-3401.0
-5126.0
-8785.0
-3111.0
-3963.0
-6786.0
-6837.0
-3659.0
-6394.0
-9893.0
-3875.0
-7206.0
-7727.0
-6255.0
-5182.0
-9070.0
-12418.0
-7031.0
-9058.0
-6125.0
-7258.0
-3959.0
-8536.0
-8081.0
-3526.0
-3047.0
-10524.0
-3730.0
-3568.0
-3696.0
-10626.0
-14170.0
-3152.0
-5156.0
-4670.0
-10882.0
-7651.0
-8008.0
-5897.0
-10534.0
-6806.0
-8505.0
-8314.0
-3861.0
-9817.0
-6232.0
-7847.0
-11197.0
-6310.0
-4109.0
-3159.0
-3775.0
-6006.0
-5336.0
-3512.0
-6593.0
-5176.0
-5278.0
-4920.0
-10811.0
-3550.0
-6984.0
-6425.0
-6514.0
-3276.0
-6220.0
-7985.0
-5901.0
-11609.0
-5637.0
-5016.0
-5133.0
-5452.0
-6074.0
-5584.0
-4035.0
-7278.0
-4294.0
-4738.0
-2966.0
-9466.0
-7361.0
-3529.0
-3266.0
-5832.0
-7039.0
-6622.0
-6145.0
-5500.0
-6253.0
-4405.0
-5794.0
-4865.0
-3003.0
-5697.0
-5119.0
-6185.0
-9445.0
-7353.0
-5411.0
-2302.0
-2554.0
-7145.0
-3750.0
-3532.0
-4536.0
-2803.0
-4189.0
-4478.0
-7627.0
-3080.0
-5606.0
-4948.0
-5523.0
-3831.0
-8763.0
-3836.0
-5804.0
-10161.0
-4203.0
-5536.0
-4192.0
-6192.0
-2524.0
-4371.0
-5268.0
-3139.0
-2042.0
-2636.0
-3592.0
-6494.0
-10629.0
-3515.0
-3692.0
-6218.0
-4643.0
-5208.0
-3367.0
-4346.0
-4655.0
-5551.0
-5550.0
-3627.0
-4878.0
-7858.0
-7033.0
-4336.0
-5612.0
-6446.0
-5288.0
-2529.0
-2736.0
-4241.0
-3619.0
-7211.0
-3822.0
-6063.0
-3440.0
-5742.0
-7203.0
-2200.0
-1991.0
-4990.0
-4094.0
-2251.0
-5187.0
-4862.0
-2986.0
-7957.0
-1902.0
-4189.0
-5300.0
-6815.0
-3316.0
-4316.0
-3619.0
-2970.0
-2428.0
-2737.0
-2366.0
-4893.0
-3788.0
-3533.0
-2400.0
-4692.0
-7281.0
-6581.0
-3207.0
-3732.0
-6066.0
-9102.0
-5847.0
-6161.0
-4046.0
-6265.0
-3450.0
-6731.0
-5118.0
-9358.0
-5172.0
-4250.0
-3136.0
-6584.0
-2251.0
-4403.0
-2321.0
-2018.0
-2786.0
-4427.0
-4843.0
-1994.0
-4748.0
-2930.0
-3472.0
-2603.0
-3921.0
-4438.0
-3677.0
-5251.0
-5999.0
-2826.0
-2761.0
-4111.0
-3885.0
-3317.0
-4420.0
-2719.0
-2432.0
-3021.0
-2362.0
-4622.0
-6759.0
-3187.0
-2799.0
-4896.0
-4038.0
-3754.0
-3445.0
-2689.0
-2325.0
-3000.0
-4523.0
-6140.0
-2106.0
-4005.0
-4611.0
-6223.0
-6902.0
-4819.0
-5201.0
-3090.0
-1897.0
-2198.0
-3170.0
-3292.0
-3263.0
-1789.0
-2670.0
-3857.0
-2921.0
-1740.0
-1969.0
-4653.0
-3414.0
-1940.0
-3742.0
-3615.0
-3540.0
-5196.0
-3232.0
-2325.0
-1999.0
-3315.0
-2027.0
-2705.0
-1873.0
-2721.0
-2300.0
-1674.0
-2009.0
-2820.0
-4004.0
-1495.0
-1676.0
-3280.0
-3374.0
-4565.0
-3086.0
-2211.0
-4668.0
-2899.0
-2899.0
-3225.0
-2100.0
-5387.0
-2856.0
-3714.0
-5201.0
-3882.0
-2693.0
-2793.0
-1741.0
-2809.0
-1835.0
-2501.0
-3054.0
-2074.0
-1795.0
-2324.0
-3709.0
-2731.0
-2463.0
-4728.0
-3645.0
-1726.0
-4033.0
-3351.0
-2358.0
-6801.0
-2248.0
-2048.0
-1787.0
-3973.0
-3962.0
-2373.0
-2677.0
-2488.0
-3947.0
-1648.0
-2226.0
-2263.0
-4480.0
-2059.0
-2464.0
-3475.0
-3138.0
-3758.0
-2335.0
-2043.0
-3739.0
-3269.0
-3113.0
-2516.0
-2222.0
-3499.0
-2699.0
-4191.0
-4484.0
-4090.0
-2471.0
-1826.0
-2114.0
-3151.0
-1996.0
-1540.0
-2635.0
-2137.0
-1442.0
-2836.0
-5199.0
-3210.0
-1747.0
-3576.0
-2364.0
-1648.0
-2850.0
-3203.0
-3631.0
-5442.0
-1857.0
-2514.0
-2037.0
-3166.0
-2177.0
-2999.0
-2217.0
-2798.0
-2522.0
-2012.0
-1645.0
-3031.0
-4759.0
-2595.0
-1518.0
-2463.0
-2789.0
-2736.0
-1658.0
-2579.0
-2739.0
-2232.0
-3244.0
-3464.0
-1784.0
-4223.0
-1800.0
-5072.0
-3514.0
-4729.0
-1956.0
-2173.0
-2017.0
-2517.0
-2686.0
-2237.0
-2606.0
-1893.0
-2156.0
-2057.0
-4017.0
-1669.0
-1542.0
-2884.0
-1939.0
-1639.0
-2945.0
-4169.0
-2029.0
-4352.0
-3215.0
-2531.0
-1798.0
-4655.0
-1978.0
-1577.0
-2380.0
-2313.0
-1527.0
-1789.0
-1653.0
-2387.0
-3015.0
-1628.0
-1493.0
-4126.0
-2459.0
-2106.0
-1669.0
-1766.0
-3458.0
-2747.0
-2258.0
-2481.0
-1780.0
-2520.0
-2233.0
-4665.0
-3133.0
-2560.0
-1788.0
-1472.0
-1534.0
-2799.0
-2029.0
-2194.0
-1349.0
-2609.0
-2017.0
-2571.0
-3016.0
-1759.0
-1727.0
-2569.0
-2008.0
-1272.0
-3103.0
-3614.0
-3534.0
-5066.0
-1990.0
-2514.0
-1716.0
-3724.0
-1617.0
-1998.0
-1716.0
-2453.0
-1755.0
-1823.0
-1839.0
-2975.0
-2825.0
-1415.0
-1473.0
-2618.0
-2498.0
-2571.0
-2618.0
-2705.0
-2894.0
-2611.0
-1993.0
-2296.0
-1603.0
-3948.0
-2058.0
-2706.0
-2357.0
-2316.0
-1837.0
-1914.0
-1426.0
-2055.0
-2096.0
-1674.0
-1596.0
-1448.0
-2060.0
-2157.0
-3307.0
-1543.0
-1863.0
-4923.0
-2472.0
-1824.0
-2111.0
-2492.0
-1864.0
-2608.0
-1711.0
-1825.0
-1945.0
-2741.0
-1717.0
-1663.0
-1466.0
-1766.0
-1376.0
-1811.0
-2417.0
-1973.0
-3295.0
-1238.0
-2188.0
-3137.0
-3762.0
-2136.0
-2131.0
-1581.0
-2176.0
-2401.0
-2601.0
-1978.0
-1896.0
-2039.0
-1791.0
-2502.0
-2929.0
-1872.0
-1662.0
-1229.0
-1645.0
-1692.0
-2414.0
-1828.0
-2144.0
-2036.0
-2122.0
-2016.0
-2707.0
-1227.0
-1149.0
-3705.0
-2019.0
-1611.0
-2245.0
-2340.0
-3029.0
-3423.0
-1584.0
-1822.0
-1492.0
-2840.0
-1989.0
-1451.0
-1494.0
-1955.0
-1436.0
-1634.0
-1800.0
-2088.0
-3473.0
-1706.0
-1213.0
-2106.0
-2431.0
-2538.0
-1526.0
-1713.0
-2286.0
-1549.0
-2263.0
-2208.0
-1534.0
-2347.0
-1927.0
-3075.0
-2833.0
-1825.0
-1920.0
-2091.0
-1998.0
-2820.0
-2210.0
-1487.0
-1241.0
-1692.0
-1485.0
-1879.0
-2074.0
-1304.0
-1580.0
-2182.0
-1648.0
-2523.0
-1878.0
-2209.0
-1713.0
-3996.0
-1698.0
-1558.0
-1904.0
-3688.0
-1812.0
-1293.0
-1369.0
-2029.0
-1301.0
-2167.0
-2083.0
-3960.0
-2309.0
-1840.0
-1531.0
-2141.0
-2604.0
-2439.0
-2220.0
-2603.0
-2627.0
-1643.0
-2261.0
-2049.0
-2018.0
-2739.0
-1791.0
-3848.0
-2043.0
-2132.0
-1642.0
-1944.0
-1256.0
-2244.0
-2737.0
-1346.0
-1437.0
-2450.0
-1681.0
-1873.0
-4914.0
-1334.0
-1508.0
-3240.0
-2013.0
-1338.0
-1570.0
-2456.0
-1717.0
-3855.0
-2055.0
-1983.0
-1579.0
-2510.0
-2295.0
-1691.0
-1252.0
-2045.0
-1173.0
-1608.0
-1692.0
-1983.0
-1914.0
-1187.0
-1228.0
-3098.0
-2264.0
-3242.0
-2154.0
-2047.0
-1993.0
-1562.0
-2032.0
-1567.0
-1487.0
-3393.0
-1815.0
-2805.0
-2220.0
-1796.0
-1481.0
-942.0
-1761.0
-2365.0
-1857.0
-1539.0
-1221.0
-2394.0
-1273.0
-1906.0
-2398.0
-1159.0
-1219.0
-2075.0
-1464.0
-1336.0
-1722.0
-2630.0
-1672.0
-2798.0
-1356.0
-1230.0
-1721.0
-3498.0
-1407.0
-1205.0
-1234.0
-2172.0
-1166.0
-1423.0
-1685.0
-2120.0
-2308.0
-1598.0
-1972.0
-2061.0
-2543.0
-2528.0
-1288.0
-1605.0
-2790.0
-1499.0
-2256.0
-2230.0
-1330.0
-3523.0
-1747.0
-3083.0
-2047.0
-1738.0
-1613.0
-1522.0
-1309.0
-2284.0
-1494.0
-1392.0
-1442.0
-1247.0
-1105.0
-1689.0
-1529.0
-1494.0
-1415.0
-1735.0
-2114.0
-1186.0
-1739.0
-2560.0
-1520.0
-1992.0
-1320.0
-1424.0
-1216.0
-2168.0
-2031.0
-1254.0
-1516.0
-2153.0
-1147.0
-1518.0
-1496.0
-1466.0
-2554.0
-1174.0
-1659.0
-1624.0
-1833.0
-2297.0
-1683.0
-2163.0
-2616.0
-1842.0
-2281.0
-2251.0
-1510.0
-2473.0
-2005.0
-2506.0
-2269.0
-1598.0
-1663.0
-1355.0
-1361.0
-1881.0
-1911.0
-1480.0
-1241.0
-1495.0
-1284.0
-2080.0
-1699.0
-1321.0
-1202.0
-2628.0
-1646.0
-1416.0
-1936.0
-1784.0
-1950.0
-2765.0
-1806.0
-2505.0
-1729.0
-2645.0
-1749.0
-2025.0
-1188.0
-1869.0
-1242.0
-1199.0
-1137.0
-1792.0
-2436.0
-819.0
-1385.0
-1910.0
-1929.0
-1973.0
-2176.0
-1621.0
-2622.0
-1423.0
-1977.0
-2411.0
-1151.0
-1947.0
-1892.0
-3047.0
-2510.0
-2172.0
-1454.0
-1273.0
-1211.0
-2695.0
-1448.0
-1297.0
-1753.0
-1761.0
-2950.0
-1849.0
-2969.0
-1348.0
-1607.0
-1877.0
-1944.0
-1442.0
-2027.0
-2306.0
-1767.0
-1825.0
-2610.0
-1256.0
-1551.0
-2565.0
-1261.0
-1313.0
-1208.0
-1491.0
-1320.0
-1321.0
-1299.0
-3025.0
-2546.0
-1383.0
-2099.0
-1707.0
-2988.0
-1882.0
-1411.0
-1370.0
-2502.0
-1640.0
-1665.0
-3321.0
-1548.0
-2020.0
-2164.0
-2907.0
-2368.0
-3233.0
-3032.0
-1492.0
-1542.0
-2160.0
-2408.0
-1257.0
-1554.0
-1197.0
-1383.0
-1686.0
-1715.0
-1273.0
-1169.0
-2577.0
-4392.0
-1119.0
-1479.0
-2015.0
-1680.0
-3903.0
-1773.0
-2136.0
-3009.0
-2406.0
-1486.0
-1733.0
-1861.0
-2361.0
-1521.0
-1248.0
-3673.0
-2038.0
-2166.0
-666.0
-1273.0
-2206.0
-2290.0
-2181.0
-1778.0
-1566.0
-2047.0
-2566.0
-1726.0
-2174.0
-1518.0
-2402.0
-1751.0
-3813.0
-1976.0
-1656.0
-1945.0
-1118.0
-1897.0
-2550.0
-1546.0
-1304.0
-1597.0
-1249.0
-894.0
-1468.0
-1547.0
-1541.0
-1340.0
-1526.0
-1289.0
-941.0
-1655.0
-2074.0
-1482.0
-1903.0
-1198.0
-1321.0
-1661.0
-2962.0
-1785.0
-1200.0
-1405.0
-1557.0
-1422.0
-1135.0
-1340.0
-1460.0
-2572.0
-1139.0
-1479.0
-1814.0
-3598.0
-2444.0
-923.0
-1725.0
-2478.0
-1445.0
-2158.0
-3558.0
-1910.0
-1783.0
-2116.0
-2659.0
-1905.0
-1718.0
-1354.0
-807.0
-1790.0
-2050.0
-2692.0
-2816.0
-2306.0
-2419.0
-666.0
-5511.0
-2692.0
-572.0
-1566.0
-3647.0
-3296.0
-1120.0
-2488.0
-2609.0
-1419.0
-6023.0
-2541.0
-2163.0
-1299.0
-3933.0
-1386.0
-1965.0
-1379.0
-1849.0
-1170.0
-1245.0
-2383.0
-3348.0
-4060.0
-4880.0
-776.0
-1401.0
-2258.0
-3097.0
-1715.0
-2920.0
-3959.0
-1265.0
-2265.0
-2092.0
-2674.0
-2160.0
-1360.0
-2054.0
-2350.0
-2692.0
-1241.0
-1491.0
-1141.0
-2632.0
-1415.0
-1217.0
-1856.0
-1346.0
-964.0
-1960.0
-1711.0
-1161.0
-833.0
-1809.0
-1437.0
-1106.0
-1596.0
-1674.0
-1387.0
-2056.0
-2193.0
-695.0
-1232.0
-2971.0
-1198.0
-737.0
-1618.0
-1705.0
-1138.0
-1342.0
-1175.0
-1635.0
-3070.0
-1235.0
-1340.0
-2178.0
-2042.0
-2055.0
-1184.0
-1510.0
-2324.0
-1555.0
-2906.0
-1793.0
-1339.0
-2897.0
-3815.0
-3975.0
-2222.0
-1606.0
-1257.0
-1582.0
-708.0
-2253.0
-1460.0
-1614.0
-1196.0
-1476.0
-592.0
-1686.0
-1517.0
-1196.0
-1258.0
-1637.0
-2621.0
-1826.0
-2342.0
-1832.0
-1390.0
-2468.0
-1654.0
-2387.0
-1421.0
-2206.0
-1494.0
-662.0
-1418.0
-2674.0
-1499.0
-2245.0
-1331.0
-1478.0
-1795.0
-816.0
-1253.0
-2073.0
-1861.0
-2224.0
-1507.0
-1306.0
-2176.0
-1360.0
-2633.0
-1968.0
-1886.0
-2238.0
-1616.0
-3419.0
-2340.0
-1930.0
-1866.0
-657.0
-1140.0
-1439.0
-1725.0
-1320.0
-1240.0
-1263.0
-1294.0
-1616.0
-2437.0
-1322.0
-1170.0
-1658.0
-1481.0
-826.0
-2236.0
-1844.0
-1367.0
-2323.0
-1278.0
-963.0
-1511.0
-2831.0
-927.0
-1180.0
-1161.0
-1956.0
-2422.0
-1128.0
-575.0
-1428.0
-2031.0
-850.0
-1441.0
-1270.0
-1859.0
-2729.0
-1284.0
-1254.0
-1932.0
-1614.0
-1887.0
-1803.0
-1200.0
-2050.0
-1402.0
-2386.0
-1724.0
-1334.0
-1307.0
-878.0
-1388.0
-1586.0
-1391.0
-1157.0
-1511.0
-1203.0
-640.0
-1550.0
-1288.0
-1130.0
-1197.0
-2563.0
-1595.0
-1111.0
-1319.0
-1832.0
-1229.0
-2199.0
-1649.0
-763.0
-1651.0
-1863.0
-1736.0
-656.0
-1140.0
-4516.0
-1374.0
-1384.0
-1355.0
-1514.0
-3712.0
-1093.0
-1565.0
-1692.0
-2349.0
-1772.0
-1223.0
-1362.0
-1941.0
-2808.0
-1843.0
-3015.0
-1476.0
-2106.0
-3308.0
-2203.0
-2454.0
-1352.0
-1372.0
-1117.0
-875.0
-3894.0
-2585.0
-1143.0
-1330.0
-1066.0
-756.0
-1526.0
-1751.0
-894.0
-1086.0
-1382.0
-1498.0
-1063.0
-1359.0
-1823.0
-1481.0
-2121.0
-1089.0
-953.0
-1218.0
-2172.0
-1317.0
-1125.0
-1246.0
-1662.0
-1122.0
-1156.0
-527.0
-1457.0
-1574.0
-462.0
-1057.0
-1594.0
-2611.0
-1610.0
-1145.0
-1086.0
-2118.0
-1281.0
-1879.0
-1452.0
-1144.0
-2000.0
-1358.0
-2806.0
-2230.0
-1253.0
-1151.0
-1474.0
-1056.0
-1910.0
-1282.0
-1162.0
-1084.0
-1065.0
-1357.0
-1471.0
-1452.0
-1022.0
-1240.0
-1352.0
-1636.0
-1066.0
-1569.0
-1679.0
-1342.0
-2103.0
-1223.0
-2889.0
-1194.0
-2406.0
-1248.0
-1366.0
-1234.0
-1919.0
-1120.0
-1168.0
-1100.0
-1628.0
-1821.0
-803.0
-1087.0
-1345.0
-1739.0
-2161.0
-1255.0
-1167.0
-2215.0
-1528.0
-2450.0
-1931.0
-1145.0
-2504.0
-1235.0
-2671.0
-2520.0
-1382.0
-1475.0
-803.0
-1154.0
-1906.0
-1520.0
-1312.0
-716.0
-1316.0
-668.0
-1363.0
-1590.0
-1069.0
-1471.0
-1596.0
-1379.0
-1264.0
-1465.0
-1930.0
-1787.0
-2079.0
-1283.0
-1064.0
-1338.0
-2104.0
-1401.0
-836.0
-1264.0
-1571.0
-1149.0
-1021.0
-769.0
-1669.0
-1726.0
-1304.0
-1290.0
-1309.0
-2157.0
-1528.0
-1177.0
-1156.0
-1589.0
-1342.0
-2169.0
-1935.0
-1920.0
-1685.0
-1628.0
-2259.0
-1791.0
-1603.0
-1329.0
-1017.0
-865.0
-1496.0
-1509.0
-1258.0
-1169.0
-1140.0
-557.0
-1488.0
-1378.0
-1097.0
-552.0
-1384.0
-1287.0
-1055.0
-1382.0
-1434.0
-1232.0
-2182.0
-1598.0
-805.0
-1187.0
-2081.0
-1147.0
-882.0
-1100.0
-1565.0
-1080.0
-1558.0
-597.0
-1314.0
-1944.0
-586.0
-705.0
-1527.0
-1944.0
-1730.0
-1118.0
-1222.0
-1653.0
-1704.0
-1808.0
-2597.0
-1148.0
-2027.0
-1365.0
-2258.0
-1767.0
-1237.0
-2118.0
-1087.0
-1059.0
-1427.0
-1425.0
-1380.0
-995.0
-1124.0
-1107.0
-1510.0
-1271.0
-1339.0
-998.0
-1252.0
-1230.0
-1104.0
-1441.0
-1858.0
-1637.0
-1988.0
-1284.0
-1076.0
-1059.0
-1836.0
-1273.0
-1605.0
-1572.0
-1401.0
-1027.0
-1187.0
-1337.0
-1341.0
-1489.0
-1004.0
-1055.0
-1205.0
-1601.0
-1818.0
-866.0
-1193.0
-1573.0
-1270.0
-1903.0
-1502.0
-1204.0
-1779.0
-1588.0
-2369.0
-1830.0
-1291.0
-1073.0
-1000.0
-1035.0
-1542.0
-1708.0
-1396.0
-1025.0
-1068.0
-483.0
-1413.0
-1714.0
-1020.0
-801.0
-1379.0
-1502.0
-995.0
-1265.0
-1526.0
-1203.0
-1674.0
-1080.0
-1000.0
-1097.0
-2247.0
-1149.0
-2239.0
-1170.0
-1414.0
-1692.0
-1080.0
-1050.0
-1353.0
-2031.0
-696.0
-1431.0
-1340.0
-1704.0
-2011.0
-1093.0
-1096.0
-1788.0
-1374.0
-1515.0
-2029.0
-1078.0
-1719.0
-1292.0
-2185.0
-1769.0
-1427.0
-1226.0
-609.0
-1070.0
-1673.0
-1350.0
-1346.0
-1088.0
-1100.0
-953.0
-1241.0
-1775.0
-1024.0
-832.0
-1393.0
-1461.0
-1057.0
-1269.0
-1773.0
-1297.0
-1979.0
-1132.0
-1515.0
-1062.0
-1838.0
-1150.0
-1045.0
-1516.0
-1366.0
-1050.0
-1062.0
-625.0
-1432.0
-1965.0
-567.0
-1003.0
-1381.0
-1575.0
-1866.0
-619.0
-1135.0
-3020.0
-1622.0
-1462.0
-1569.0
-2029.0
-1761.0
-1477.0
-2436.0
-1551.0
-1659.0
-1347.0
-786.0
-1024.0
-1747.0
-1362.0
-1104.0
-1053.0
-1114.0
-519.0
-1290.0
-1357.0
-974.0
-979.0
-1300.0
-1568.0
-1091.0
-1332.0
-1288.0
-1319.0
-2095.0
-1031.0
-751.0
-1362.0
-2627.0
-1070.0
-971.0
-1059.0
-1296.0
-1133.0
-1188.0
-486.0
-1875.0
-1568.0
-1181.0
-575.0
-1237.0
-1766.0
-1978.0
-1046.0
-1190.0
-1986.0
-1388.0
-2817.0
-1769.0
-1111.0
-1875.0
-1311.0
-2160.0
-1536.0
-1422.0
-1417.0
-710.0
-678.0
-1967.0
-1351.0
-1116.0
-1106.0
-1134.0
-476.0
-1365.0
-1477.0
-1194.0
-1024.0
-1098.0
-1145.0
-1031.0
-1283.0
-1816.0
-1783.0
-1664.0
-1047.0
-1107.0
-1365.0
-2256.0
-828.0
-1007.0
-1090.0
-1360.0
-1040.0
-1423.0
-1010.0
-1252.0
-1391.0
-961.0
-1017.0
-1446.0
-1576.0
-1726.0
-1117.0
-1095.0
-1642.0
-1229.0
-1531.0
-1352.0
-1093.0
-2401.0
-2359.0
-2143.0
-1673.0
-1379.0
-1511.0
-505.0
-674.0
-1732.0
-1389.0
-1335.0
-1308.0
-1085.0
-519.0
-1344.0
-1303.0
-1015.0
-1064.0
-1541.0
-1506.0
-999.0
-1210.0
-1514.0
-1324.0
-1970.0
-1148.0
-1079.0
-1097.0
-1659.0
-1123.0
-753.0
-1293.0
-1690.0
-1475.0
-1037.0
-1036.0
-1429.0
-3403.0
-1020.0
-1075.0
-1355.0
-1670.0
-1798.0
-746.0
-1119.0
-2193.0
-2014.0
-1323.0
-1719.0
-1284.0
-1691.0
-1560.0
-1989.0
-1584.0
-1322.0
-1228.0
-1030.0
-1353.0
-1839.0
-1303.0
-1519.0
-1060.0
-1039.0
-605.0
-1652.0
-1184.0
-998.0
-557.0
-1243.0
-1580.0
-1195.0
-1231.0
-1621.0
-1071.0
-2268.0
-1071.0
-1099.0
-1213.0
-1793.0
-1313.0
-845.0
-1104.0
-2000.0
-993.0
-1103.0
-2407.0
-1444.0
-1933.0
-882.0
-1062.0
-2433.0
-1612.0
-1611.0
-670.0
-1065.0
-1667.0
-1197.0
-1570.0
-2492.0
-1860.0
-1588.0
-1482.0
-2036.0
-1848.0
-1395.0
-1232.0
-1023.0
-1024.0
-1723.0
-1389.0
-1127.0
-1053.0
-1171.0
-762.0
-1335.0
-1265.0
-984.0
-998.0
-1435.0
-1500.0
-1011.0
-1283.0
-1435.0
-1167.0
-1999.0
-1055.0
-1026.0
-1201.0
-2109.0
-1164.0
-1030.0
-1133.0
-1654.0
-987.0
-994.0
-1007.0
-1460.0
-1702.0
-557.0
-946.0
-1235.0
-1499.0
-1616.0
-1102.0
-1108.0
-1876.0
-1937.0
-1830.0
-1948.0
-1211.0
-2232.0
-1403.0
-2132.0
-1997.0
-1368.0
-1265.0
-1010.0
-568.0
-1478.0
-1428.0
-1257.0
-1092.0
-1117.0
-611.0
-1345.0
-1344.0
-1131.0
-1071.0
-1428.0
-1407.0
-517.0
-1236.0
-1649.0
-1238.0
-1589.0
-1063.0
-1059.0
-1135.0
-2521.0
-879.0
-1028.0
-1086.0
-1555.0
-1058.0
-879.0
-568.0
-1359.0
-2140.0
-1000.0
-1071.0
-1230.0
-1783.0
-1795.0
-1059.0
-863.0
-1873.0
-1581.0
-1759.0
-1770.0
-1328.0
-2279.0
-1263.0
-2039.0
-1520.0
-1299.0
-1153.0
-553.0
-1000.0
-1567.0
-1556.0
-1194.0
-1092.0
-1096.0
-1033.0
-1317.0
-1202.0
-994.0
-614.0
-1306.0
-1330.0
-1207.0
-1338.0
-2152.0
-1161.0
-2006.0
-1152.0
-1026.0
-1343.0
-2253.0
-1182.0
-982.0
-1016.0
-1432.0
-1173.0
-1095.0
-918.0
-1322.0
-2480.0
-1040.0
-983.0
-1395.0
-1590.0
-2770.0
-1111.0
-1113.0
-1580.0
-1492.0
-1463.0
-1511.0
-1220.0
-1659.0
-1275.0
-2084.0
-2188.0
-1219.0
-1205.0
-1013.0
-1036.0
-1226.0
-1454.0
-1292.0
-1514.0
-1151.0
-563.0
-1291.0
-1470.0
-1028.0
-1153.0
-1291.0
-1559.0
-1011.0
-1171.0
-1381.0
-2644.0
-1475.0
-1210.0
-664.0
-1057.0
-1900.0
-1065.0
-613.0
-1056.0
-1350.0
-981.0
-1053.0
-497.0
-1203.0
-2044.0
-556.0
-978.0
-1735.0
-1584.0
-1525.0
-1094.0
-1129.0
-1593.0
-1258.0
-1452.0
-1771.0
-1161.0
-1643.0
-1285.0
-2485.0
-1396.0
-1927.0
-1043.0
-995.0
-1000.0
-1442.0
-1348.0
-1085.0
-1052.0
-1145.0
-979.0
-1291.0
-1266.0
-1027.0
-1963.0
-1250.0
-1219.0
-1066.0
-1373.0
-1581.0
-1171.0
-1494.0
-1109.0
-1002.0
-780.0
-2137.0
-1320.0
-1247.0
-1100.0
-1986.0
-1143.0
-2006.0
-909.0
-2329.0
-1832.0
-1047.0
-1026.0
-1241.0
-1589.0
-1711.0
-1039.0
-1113.0
-1482.0
-2479.0
-1606.0
-1601.0
-1440.0
-2186.0
-1247.0
-2068.0
-1747.0
-2538.0
-1160.0
-439.0
-1061.0
-1120.0
-1347.0
-1111.0
-1044.0
-1083.0
-1001.0
-1403.0
-1262.0
-988.0
-941.0
-1193.0
-1203.0
-1074.0
-1274.0
-1471.0
-1230.0
-1764.0
-1134.0
-995.0
-1212.0
-2403.0
-959.0
-1358.0
-1461.0
-1558.0
-1293.0
-1076.0
-1016.0
-1310.0
-1723.0
-1030.0
-992.0
-2295.0
-2479.0
-1527.0
-1025.0
-1102.0
-1779.0
-1233.0
-1413.0
-1522.0
-1117.0
-1745.0
-1259.0
-1969.0
-1591.0
-1180.0
-1158.0
-990.0
-1021.0
-1455.0
-1307.0
-1633.0
-1022.0
-1030.0
-963.0
-1606.0
-1251.0
-1005.0
-602.0
-1336.0
-1480.0
-1333.0
-935.0
-1426.0
-1153.0
-1580.0
-1263.0
-1272.0
-1045.0
-1843.0
-1109.0
-993.0
-1162.0
-1337.0
-1014.0
-1217.0
-1017.0
-1356.0
-2129.0
-1019.0
-967.0
-1233.0
-1557.0
-1611.0
-1083.0
-1341.0
-1459.0
-1210.0
-1698.0
-1890.0
-1671.0
-1683.0
-1256.0
-2338.0
-1414.0
-1265.0
-1237.0
-981.0
-1036.0
-1581.0
-1375.0
-1234.0
-1014.0
-1019.0
-412.0
-1369.0
-1279.0
-966.0
-996.0
-1329.0
-1321.0
-624.0
-1364.0
-3363.0
-1240.0
-1811.0
-1229.0
-1194.0
-1213.0
-1995.0
-1129.0
-1012.0
-1063.0
-1396.0
-1045.0
-987.0
-990.0
-1497.0
-2111.0
-971.0
-1021.0
-1469.0
-1740.0
-1787.0
-561.0
-1282.0
-2378.0
-1438.0
-1457.0
-2035.0
-1589.0
-1848.0
-1280.0
-2018.0
-2157.0
-1338.0
-1208.0
-1287.0
-1070.0
-1392.0
-1631.0
-1185.0
-1005.0
-1081.0
-975.0
-1367.0
-1333.0
-973.0
-1035.0
-1265.0
-1344.0
-1043.0
-1200.0
-1679.0
-1228.0
-1571.0
-1045.0
-989.0
-1195.0
-1724.0
-1185.0
-530.0
-1073.0
-1516.0
-980.0
-988.0
-1063.0
-1234.0
-1500.0
-968.0
-990.0
-1383.0
-1819.0
-1757.0
-1085.0
-1060.0
-2139.0
-1326.0
-1510.0
-1710.0
-1092.0
-1602.0
-2210.0
-2061.0
-1560.0
-1425.0
-1199.0
-2623.0
-1075.0
-2632.0
-1240.0
-1540.0
-2948.0
-1201.0
-1336.0
-1381.0
-1252.0
-2076.0
-746.0
-1222.0
-1500.0
-1009.0
-1188.0
-1436.0
-1191.0
-1739.0
-1040.0
-980.0
-1140.0
-1761.0
-1226.0
-977.0
-1104.0
-1600.0
-1151.0
-1109.0
-521.0
-1243.0
-1500.0
-963.0
-1000.0
-1406.0
-1695.0
-1587.0
-1042.0
-1112.0
-1760.0
-1285.0
-1317.0
-1726.0
-1133.0
-1570.0
-1135.0
-2490.0
-1491.0
-1277.0
-1301.0
-1007.0
-1044.0
-1488.0
-1306.0
-1073.0
-1026.0
-1083.0
-1003.0
-1331.0
-1242.0
-944.0
-450.0
-1252.0
-1859.0
-960.0
-1267.0
-1554.0
-1191.0
-1789.0
-1012.0
-866.0
-1193.0
-2077.0
-1141.0
-981.0
-1151.0
-1483.0
-1163.0
-1004.0
-1013.0
-1406.0
-1756.0
-971.0
-1231.0
-1204.0
-2185.0
-2545.0
-1109.0
-1292.0
-2033.0
-1353.0
-1461.0
-2084.0
-1104.0
-1741.0
-1307.0
-2155.0
-1497.0
-1322.0
-1160.0
-1000.0
-1025.0
-1361.0
-1502.0
-1539.0
-847.0
-1154.0
-455.0
-1254.0
-1283.0
-659.0
-999.0
-1229.0
-1485.0
-999.0
-1302.0
-1597.0
-1244.0
-2040.0
-1059.0
-1018.0
-1011.0
-2896.0
-1092.0
-994.0
-1105.0
-1300.0
-833.0
-1098.0
-1060.0
-1331.0
-1622.0
-1008.0
-667.0
-1215.0
-1568.0
-1655.0
-1042.0
-1109.0
-1430.0
-1244.0
-1381.0
-1579.0
-1041.0
-1766.0
-1263.0
-1701.0
-1492.0
-1257.0
-1112.0
-1071.0
-1012.0
-1340.0
-1277.0
-1082.0
-1051.0
-1030.0
-890.0
-1266.0
-1459.0
-971.0
-974.0
-1238.0
-1136.0
-1030.0
-1179.0
-1523.0
-1269.0
-1392.0
-1079.0
-977.0
-1120.0
-1861.0
-873.0
-971.0
-1109.0
-1357.0
-1186.0
-1026.0
-543.0
-1237.0
-1386.0
-961.0
-1002.0
-1398.0
-2053.0
-1678.0
-1031.0
-1272.0
-1880.0
-1330.0
-1385.0
-1797.0
-1057.0
-1721.0
-1210.0
-2012.0
-3052.0
-1219.0
-1124.0
-725.0
-1093.0
-1547.0
-1346.0
-1067.0
-986.0
-1000.0
-784.0
-1326.0
-1383.0
-978.0
-968.0
-1314.0
-1301.0
-1033.0
-1267.0
-1416.0
-1136.0
-1475.0
-1024.0
-815.0
-1102.0
-1860.0
-1165.0
-976.0
-1087.0
-1259.0
-1013.0
-969.0
-632.0
-1314.0
-1908.0
-1021.0
-975.0
-1530.0
-1865.0
-3002.0
-1051.0
-1149.0
-1502.0
-1354.0
-1411.0
-1633.0
-1358.0
-1747.0
-1163.0
-1839.0
-1722.0
-1245.0
-1194.0
-1008.0
-1025.0
-1438.0
-1351.0
-1103.0
-1026.0
-1041.0
-959.0
-1313.0
-1421.0
-978.0
-453.0
-1260.0
-935.0
-1001.0
-1408.0
-1620.0
-1266.0
-1605.0
-1073.0
-1047.0
-1119.0
-1699.0
-807.0
-869.0
-1018.0
-1436.0
-972.0
-1032.0
-991.0
-1336.0
-1766.0
-1016.0
-962.0
-2072.0
-1680.0
-3319.0
-1005.0
-1061.0
-2218.0
-1194.0
-1339.0
-1977.0
-1090.0
-1530.0
-1235.0
-1804.0
-1888.0
-1253.0
-1168.0
-787.0
-1118.0
-1359.0
-1235.0
-1060.0
-1009.0
-792.0
-1053.0
-1356.0
-1259.0
-1141.0
-381.0
-1331.0
-1188.0
-1036.0
-1259.0
-1456.0
-1120.0
-2241.0
-1015.0
-488.0
-1099.0
-1958.0
-1307.0
-991.0
-1128.0
-1317.0
-1011.0
-971.0
-1013.0
-1331.0
-1635.0
-959.0
-989.0
-1214.0
-1702.0
-1673.0
-1041.0
-1090.0
-1605.0
-1347.0
-1370.0
-1920.0
-1155.0
-1674.0
-1301.0
-1784.0
-1347.0
-1198.0
-1166.0
-947.0
-993.0
-1315.0
-1210.0
-1067.0
-1025.0
-1114.0
-955.0
-1514.0
-1173.0
-953.0
-962.0
-1338.0
-1383.0
-1002.0
-1212.0
-1299.0
-1552.0
-1452.0
-1061.0
-977.0
-1065.0
-1826.0
-1103.0
-884.0
-1067.0
-1268.0
-1308.0
-723.0
-481.0
-1492.0
-1784.0
-974.0
-964.0
-1364.0
-1468.0
-1624.0
-1062.0
-1191.0
-1612.0
-1374.0
-1362.0
-2311.0
-1070.0
-1688.0
-1301.0
-2069.0
-1487.0
-1264.0
-1047.0
-970.0
-958.0
-1309.0
-1250.0
-1208.0
-1020.0
-1097.0
-943.0
-1359.0
-1233.0
-976.0
-959.0
-1269.0
-1126.0
-1014.0
-1299.0
-1514.0
-1294.0
-1514.0
-1253.0
-984.0
-1153.0
-2311.0
-1106.0
-938.0
-1128.0
-1256.0
-1021.0
-963.0
-979.0
-1871.0
-1776.0
-1402.0
-1235.0
-1347.0
-1767.0
-1678.0
-1063.0
-1087.0
-1993.0
-1232.0
-1470.0
-2254.0
-1040.0
-1656.0
-1238.0
-1813.0
-1551.0
-1185.0
-1254.0
-968.0
-1024.0
-1612.0
-1465.0
-1032.0
-1044.0
-1063.0
-356.0
-1397.0
-1309.0
-955.0
-979.0
-1443.0
-1277.0
-1080.0
-1450.0
-1524.0
-1179.0
-1584.0
-993.0
-970.0
-1104.0
-2103.0
-1036.0
-987.0
-1042.0
-1349.0
-1087.0
-1042.0
-974.0
-1346.0
-1882.0
-942.0
-970.0
-1395.0
-1621.0
-1829.0
-1072.0
-1022.0
-1743.0
-1357.0
-1437.0
-1835.0
-1048.0
-2414.0
-1171.0
-2051.0
-1377.0
-1163.0
-1201.0
-959.0
-554.0
-1500.0
-1272.0
-1107.0
-1010.0
-1123.0
-969.0
-1282.0
-1173.0
-970.0
-956.0
-1183.0
-1781.0
-1026.0
-1148.0
-2737.0
-1210.0
-1695.0
-1028.0
-978.0
-1192.0
-2334.0
-1025.0
-989.0
-952.0
-1273.0
-1031.0
-531.0
-722.0
-1297.0
-1517.0
-947.0
-974.0
-1412.0
-1585.0
-1936.0
-1086.0
-1040.0
-1761.0
-1217.0
-1402.0
-1421.0
-1099.0
-1637.0
-1264.0
-1974.0
-1270.0
-1258.0
-1750.0
-987.0
-410.0
-1427.0
-1313.0
-1114.0
-1027.0
-1181.0
-978.0
-1213.0
-1192.0
-958.0
-982.0
-1210.0
-1402.0
-510.0
-1209.0
-1477.0
-1516.0
-1997.0
-1039.0
-1073.0
-1051.0
-1926.0
-1263.0
-1164.0
-1063.0
-1235.0
-1010.0
-1030.0
-1016.0
-1310.0
-1635.0
-632.0
-438.0
-1634.0
-1640.0
-1623.0
-1024.0
-1141.0
-2112.0
-1400.0
-1254.0
-1752.0
-1060.0
-1552.0
-1234.0
-1747.0
-1386.0
-1211.0
-1135.0
-957.0
-1109.0
-1288.0
-1140.0
-1059.0
-1035.0
-562.0
-948.0
-1231.0
-1265.0
-583.0
-951.0
-1278.0
-1172.0
-605.0
-1286.0
-1515.0
-1780.0
-1734.0
-1047.0
-969.0
-1044.0
-2113.0
-1221.0
-1127.0
-1061.0
-1298.0
-1019.0
-1656.0
-508.0
-1251.0
-1536.0
-1078.0
-1029.0
-1311.0
-1455.0
-1694.0
-1049.0
-1101.0
-1678.0
-1276.0
-1480.0
-1394.0
-1148.0
-1624.0
-1232.0
-1901.0
-1560.0
-1186.0
-1129.0
-1026.0
-1051.0
-1437.0
-1260.0
-1100.0
-986.0
-1095.0
-990.0
-2122.0
-1481.0
-1026.0
-477.0
-1293.0
-854.0
-1043.0
-1192.0
-1221.0
-1180.0
-1777.0
-1012.0
-953.0
-1207.0
-1853.0
-1201.0
-977.0
-996.0
-1231.0
-987.0
-1039.0
-963.0
-1305.0
-1564.0
-938.0
-1055.0
-1363.0
-2217.0
-1488.0
-1062.0
-1056.0
-1686.0
-1429.0
-1295.0
-1532.0
-1146.0
-1625.0
-1233.0
-2251.0
-1647.0
-1351.0
-1114.0
-1030.0
-1042.0
-1721.0
-1268.0
-1099.0
-1048.0
-1016.0
-947.0
-1373.0
-1181.0
-1032.0
-969.0
-1196.0
-1142.0
-1030.0
-1147.0
-1501.0
-1231.0
-1751.0
-1016.0
-941.0
-1190.0
-2438.0
-1119.0
-986.0
-1130.0
-1310.0
-982.0
-1020.0
-943.0
-1393.0
-1558.0
-533.0
-1012.0
-1457.0
-1770.0
-1798.0
-1019.0
-1095.0
-1494.0
-1170.0
-1422.0
-1701.0
-1031.0
-1636.0
-1322.0
-2072.0
-1291.0
-1216.0
-1122.0
-968.0
-985.0
-1432.0
-1347.0
-1117.0
-1000.0
-1031.0
-952.0
-1312.0
-1172.0
-995.0
-962.0
-1286.0
-913.0
-998.0
-1185.0
-1292.0
-1169.0
-1574.0
-1064.0
-636.0
-1136.0
-1669.0
-793.0
-967.0
-1146.0
-1275.0
-1073.0
-975.0
-541.0
-1391.0
-1346.0
-932.0
-962.0
-1129.0
-1759.0
-1969.0
-766.0
-1245.0
-2206.0
-1704.0
-1330.0
-1598.0
-1147.0
-1567.0
-1276.0
-2065.0
-1350.0
-1127.0
-1186.0
-944.0
-1028.0
-1301.0
-1347.0
-1059.0
-1008.0
-1078.0
-955.0
-1243.0
-1409.0
-1006.0
-605.0
-1376.0
-1304.0
-997.0
-1308.0
-1460.0
-1198.0
-1620.0
-1175.0
-686.0
-574.0
-1796.0
-1134.0
-752.0
-1103.0
-1432.0
-1002.0
-1044.0
-546.0
-1224.0
-1556.0
-743.0
-977.0
-1251.0
-1842.0
-1653.0
-693.0
-1134.0
-2102.0
-1291.0
-1326.0
-1485.0
-1224.0
-1693.0
-1331.0
-2183.0
-1301.0
-1202.0
-1209.0
-1002.0
-1198.0
-1264.0
-1219.0
-1144.0
-1229.0
-1025.0
-945.0
-1333.0
-1212.0
-1027.0
-742.0
-1261.0
-917.0
-1103.0
-1207.0
-1475.0
-1154.0
-2139.0
-1096.0
-862.0
-1122.0
-2563.0
-1076.0
-485.0
-963.0
-1386.0
-996.0
-999.0
-623.0
-1216.0
-1840.0
-945.0
-973.0
-1946.0
-1674.0
-1976.0
-1100.0
-1116.0
-1715.0
-1318.0
-1974.0
-1920.0
-1047.0
-1331.0
-1488.0
-1643.0
-1256.0
-1195.0
-1353.0
-987.0
-1002.0
-1100.0
-1230.0
-1061.0
-595.0
-1031.0
-975.0
-1458.0
-873.0
-1030.0
-689.0
-1059.0
-1472.0
-679.0
-1134.0
-2016.0
-1123.0
-1644.0
-1008.0
-1025.0
-1402.0
-2452.0
-787.0
-951.0
-1035.0
-1285.0
-1024.0
-1001.0
-619.0
-1448.0
-1706.0
-958.0
-1009.0
-1359.0
-1648.0
-1751.0
-1068.0
-1057.0
-1917.0
-1399.0
-1528.0
-1768.0
-1066.0
-1708.0
-1274.0
-1798.0
-1314.0
-1228.0
-1166.0
-1056.0
-1027.0
-1590.0
-1341.0
-1088.0
-1033.0
-1000.0
-947.0
-1387.0
-1202.0
-993.0
-945.0
-1181.0
-1394.0
-1059.0
-1189.0
-1300.0
-1097.0
-1913.0
-1009.0
-977.0
-1124.0
-1599.0
-1105.0
-968.0
-1170.0
-1356.0
-977.0
-963.0
-947.0
-1287.0
-1278.0
-937.0
-1009.0
-1250.0
-1413.0
-1600.0
-1079.0
-1039.0
-2389.0
-1323.0
-1633.0
-1438.0
-1096.0
-1517.0
-1221.0
-1782.0
-1239.0
-1233.0
-1050.0
-865.0
-1031.0
-1345.0
-1253.0
-1141.0
-1161.0
-1036.0
-953.0
-1249.0
-1226.0
-961.0
-1080.0
-1454.0
-1212.0
-997.0
-1217.0
-1540.0
-1188.0
-1486.0
-1028.0
-533.0
-891.0
-1660.0
-931.0
-979.0
-1098.0
-1325.0
-1017.0
-957.0
-960.0
-1314.0
-1484.0
-1646.0
-969.0
-1306.0
-1521.0
-2054.0
-993.0
-1068.0
-1608.0
-1285.0
-1528.0
-1641.0
-1131.0
-1607.0
-1155.0
-2052.0
-1415.0
-1326.0
-1060.0
-530.0
-983.0
-1417.0
-1333.0
-1040.0
-1066.0
-1116.0
-945.0
-1213.0
-1192.0
-971.0
-1077.0
-1253.0
-1296.0
-1027.0
-1282.0
-1369.0
-1278.0
-1631.0
-1003.0
-439.0
-1171.0
-2041.0
-1118.0
-486.0
-1050.0
-1218.0
-993.0
-962.0
-1065.0
-1184.0
-1508.0
-958.0
-985.0
-1195.0
-1732.0
-1726.0
-773.0
-1094.0
-1502.0
-1278.0
-1372.0
-1870.0
-1053.0
-1588.0
-1282.0
-2613.0
-1409.0
-1322.0
-1250.0
-966.0
-1057.0
-2678.0
-1509.0
-1130.0
-1051.0
-1027.0
-991.0
-1314.0
-1390.0
-970.0
-967.0
-1249.0
-972.0
-655.0
-1256.0
-1319.0
-1234.0
-1588.0
-1077.0
-495.0
-1080.0
-1640.0
-1134.0
-973.0
-1015.0
-1363.0
-1001.0
-973.0
-435.0
-1381.0
-1778.0
-945.0
-968.0
-1307.0
-1528.0
-1512.0
-550.0
-1104.0
-1376.0
-1377.0
-1494.0
-1562.0
-1040.0
-1735.0
-1210.0
-1816.0
-1420.0
-1360.0
-1168.0
-613.0
-965.0
-1237.0
-1281.0
-1125.0
-1074.0
-1018.0
-991.0
-1353.0
-1196.0
-1914.0
-1029.0
-1343.0
-1246.0
-1026.0
-1233.0
-1352.0
-1277.0
-1698.0
-1093.0
-1027.0
-1234.0
-1939.0
-1046.0
-960.0
-1078.0
-1266.0
-945.0
-611.0
-976.0
-1330.0
-1684.0
-914.0
-977.0
-1361.0
-1678.0
-1707.0
-1005.0
-1048.0
-2073.0
-1320.0
-1499.0
-1968.0
-1060.0
-1575.0
-1286.0
-1878.0
-1328.0
-1205.0
-1186.0
-969.0
-959.0
-1320.0
-1223.0
-1033.0
-978.0
-1048.0
-926.0
-1414.0
-1181.0
-994.0
-988.0
-1258.0
-1251.0
-1027.0
-1259.0
-1365.0
-1315.0
-1442.0
-1095.0
-963.0
-1112.0
-2143.0
-1032.0
-1038.0
-1049.0
-1273.0
-991.0
-958.0
-967.0
-1215.0
-1485.0
-413.0
-952.0
-1265.0
-1538.0
-1544.0
-1078.0
-1183.0
-1546.0
-1346.0
-1329.0
-1404.0
-1101.0
-1481.0
-1477.0
-1935.0
-1357.0
-1197.0
-1148.0
-1001.0
-992.0
-1237.0
-1396.0
-1045.0
-1089.0
-1129.0
-948.0
-1193.0
-1162.0
-958.0
-1037.0
-1305.0
-1178.0
-970.0
-1130.0
-1380.0
-1162.0
-1556.0
-1008.0
-849.0
-1078.0
-2110.0
-1139.0
-956.0
-1063.0
-1356.0
-993.0
-973.0
-942.0
-1348.0
-1615.0
-964.0
-961.0
-1263.0
-1584.0
-1713.0
-1035.0
-1095.0
-1483.0
-1114.0
-1442.0
-1649.0
-1138.0
-1556.0
-1157.0
-2024.0
-1343.0
-1229.0
-1109.0
-979.0
-963.0
-1450.0
-1337.0
-1153.0
-997.0
-1068.0
-729.0
-1198.0
-1167.0
-976.0
-967.0
-1161.0
-1249.0
-552.0
-1216.0
-1488.0
-1080.0
-1553.0
-1081.0
-961.0
-1046.0
-1603.0
-1024.0
-950.0
-2246.0
-1153.0
-1091.0
-954.0
-952.0
-1305.0
-1742.0
-1290.0
-1105.0
-1369.0
-1447.0
-1731.0
-1106.0
-1025.0
-2355.0
-1175.0
-1272.0
-1626.0
-1071.0
-1451.0
-1226.0
-1972.0
-1796.0
-1242.0
-1013.0
-969.0
-971.0
-1207.0
-1265.0
-1112.0
-1120.0
-1091.0
-955.0
-1183.0
-1175.0
-971.0
-372.0
-1260.0
-1307.0
-998.0
-1215.0
-1338.0
-1165.0
-2063.0
-1079.0
-1004.0
-1091.0
-1661.0
-763.0
-1145.0
-1001.0
-1243.0
-808.0
-981.0
-970.0
-1275.0
-1445.0
-941.0
-961.0
-1217.0
-1525.0
-1639.0
-1086.0
-1011.0
-1633.0
-1338.0
-1373.0
-1443.0
-1105.0
-1666.0
-1249.0
-1744.0
-1450.0
-1146.0
-1098.0
-1232.0
-965.0
-1224.0
-1305.0
-1085.0
-1017.0
-1067.0
-682.0
-1096.0
-1200.0
-947.0
-1071.0
-1272.0
-1301.0
-1061.0
-1216.0
-1380.0
-1103.0
-2106.0
-1030.0
-954.0
-799.0
-1763.0
-1112.0
-1037.0
-1016.0
-1161.0
-1006.0
-970.0
-968.0
-1305.0
-2235.0
-647.0
-950.0
-1314.0
-1755.0
-1668.0
-1038.0
-1071.0
-1597.0
-1224.0
-1354.0
-1491.0
-1069.0
-1679.0
-1118.0
-1963.0
-1471.0
-1477.0
-1267.0
-1055.0
-1203.0
-905.0
-1392.0
-1040.0
-775.0
-1101.0
-947.0
-1273.0
-1393.0
-933.0
-939.0
-1244.0
-1112.0
-965.0
-1168.0
-1316.0
-1144.0
-1637.0
-1083.0
-960.0
-1066.0
-1903.0
-789.0
-685.0
-1014.0
-1298.0
-1072.0
-1004.0
-979.0
-1286.0
-1291.0
-944.0
-976.0
-1182.0
-1560.0
-1618.0
-1081.0
-1003.0
-1371.0
-1365.0
-1287.0
-1506.0
-1055.0
-1470.0
-1237.0
-1767.0
-1549.0
-1155.0
-1107.0
-990.0
-1049.0
-1438.0
-1474.0
-1026.0
-998.0
-1126.0
-940.0
-1364.0
-1230.0
-986.0
-1000.0
-1151.0
-1281.0
-986.0
-1249.0
-1390.0
-1210.0
-1476.0
-1077.0
-851.0
-1048.0
-1709.0
-1043.0
-1013.0
-1078.0
-1413.0
-985.0
-984.0
-534.0
-1209.0
-1618.0
-959.0
-988.0
-1274.0
-1681.0
-1610.0
-983.0
-1091.0
-1454.0
-1712.0
-1404.0
-1348.0
-1083.0
-1586.0
-1211.0
-1827.0
-1424.0
-1124.0
-1090.0
-513.0
-632.0
-1185.0
-1642.0
-1060.0
-1060.0
-1037.0
-941.0
-1378.0
-852.0
-942.0
-951.0
-1154.0
-718.0
-874.0
-744.0
-1307.0
-1149.0
-1513.0
-1008.0
-975.0
-1026.0
-1891.0
-720.0
-627.0
-1039.0
-1277.0
-1016.0
-1018.0
-981.0
-1267.0
-1416.0
-721.0
-1006.0
-1289.0
-1583.0
-1609.0
-850.0
-1076.0
-1486.0
-1260.0
-1224.0
-1574.0
-1008.0
-1469.0
-1225.0
-1873.0
-1511.0
-1363.0
-1198.0
-1036.0
-732.0
-1447.0
-1204.0
-1030.0
-1040.0
-1071.0
-385.0
-1192.0
-1401.0
-581.0
-934.0
-1289.0
-1223.0
-978.0
-1156.0
-1384.0
-1201.0
-1560.0
-1057.0
-992.0
-1140.0
-1426.0
-1044.0
-983.0
-1019.0
-1239.0
-757.0
-961.0
-1010.0
-1332.0
-1466.0
-1001.0
-1005.0
-1265.0
-1711.0
-1397.0
-1106.0
-1075.0
-1320.0
-1225.0
-1757.0
-1335.0
-1092.0
-1551.0
-1226.0
-1770.0
-1319.0
-1281.0
-1223.0
-958.0
-1089.0
-1446.0
-1163.0
-1062.0
-997.0
-1016.0
-917.0
-1299.0
-1127.0
-954.0
-977.0
-1155.0
-1287.0
-624.0
-1290.0
-1590.0
-1282.0
-1974.0
-1171.0
-966.0
-1067.0
-1744.0
-1205.0
-1012.0
-1030.0
-1406.0
-973.0
-1018.0
-936.0
-1275.0
-1519.0
-930.0
-728.0
-1253.0
-1722.0
-1699.0
-1080.0
-1063.0
-1684.0
-1400.0
-1202.0
-1785.0
-1026.0
-1599.0
-1216.0
-1775.0
-1366.0
-1181.0
-1093.0
-948.0
-997.0
-1507.0
-1245.0
-1063.0
-1028.0
-1033.0
-951.0
-1183.0
-1169.0
-960.0
-971.0
-1295.0
-1247.0
-820.0
-1262.0
-1511.0
-1200.0
-1665.0
-1089.0
-987.0
-1080.0
-2066.0
-1088.0
-967.0
-1060.0
-1362.0
-1021.0
-480.0
-380.0
-1520.0
-1803.0
-944.0
-959.0
-1153.0
-1425.0
-1482.0
-1101.0
-1016.0
-1655.0
-1106.0
-1553.0
-1374.0
-1193.0
-2416.0
-1265.0
-2302.0
-1364.0
-1225.0
-573.0
-612.0
-993.0
-1187.0
-1361.0
-1060.0
-1017.0
-1046.0
-940.0
-1228.0
-1259.0
-966.0
-913.0
-1259.0
-1263.0
-648.0
-1129.0
-1415.0
-1205.0
-1911.0
-1116.0
-1057.0
-1040.0
-2085.0
-1014.0
-596.0
-1068.0
-1213.0
-954.0
-554.0
-955.0
-1269.0
-1686.0
-952.0
-1073.0
-1221.0
-1404.0
-1515.0
-1085.0
-1071.0
-1835.0
-1264.0
-1393.0
-1453.0
-1045.0
-1501.0
-1287.0
-1798.0
-1682.0
-1170.0
-1088.0
-955.0
-589.0
-1223.0
-1264.0
-1076.0
-1061.0
-1042.0
-392.0
-1252.0
-1223.0
-999.0
-955.0
-1141.0
-1261.0
-985.0
-1150.0
-1357.0
-1145.0
-1471.0
-1073.0
-953.0
-1077.0
-1895.0
-868.0
-987.0
-1051.0
-1241.0
-963.0
-953.0
-1059.0
-1407.0
-1325.0
-998.0
-955.0
-1457.0
-1498.0
-1688.0
-1101.0
-1069.0
-1148.0
-1309.0
-1577.0
-1295.0
-1059.0
-1742.0
-1252.0
-2282.0
-1359.0
-1303.0
-647.0
-677.0
-620.0
-1243.0
-1508.0
-1039.0
-993.0
-1017.0
-477.0
-1185.0
-1490.0
-973.0
-965.0
-1455.0
-1160.0
-1026.0
-1175.0
-1318.0
-1119.0
-2863.0
-1096.0
-619.0
-1025.0
-1794.0
-1126.0
-1031.0
-1104.0
-1210.0
-1010.0
-1064.0
-685.0
-1462.0
-1343.0
-944.0
-1058.0
-1141.0
-1522.0
-1598.0
-1074.0
-1042.0
-1749.0
-1176.0
-1281.0
-1418.0
-1057.0
-1553.0
-1173.0
-1960.0
-1333.0
-1178.0
-1119.0
-1018.0
-1010.0
-1388.0
-1249.0
-1056.0
-1017.0
-1009.0
-932.0
-1189.0
-1167.0
-960.0
-960.0
-1203.0
-1504.0
-1023.0
-1136.0
-1329.0
-1129.0
-1615.0
-1017.0
-935.0
-1040.0
-1998.0
-846.0
-967.0
-1085.0
-1248.0
-1047.0
-1044.0
-966.0
-1307.0
-1212.0
-932.0
-943.0
-1095.0
-1334.0
-1600.0
-1036.0
-1067.0
-1702.0
-1258.0
-1564.0
-1338.0
-1085.0
-1614.0
-1169.0
-2391.0
-1346.0
-1087.0
-1153.0
-982.0
-1020.0
-1350.0
-1346.0
-1048.0
-1013.0
-1037.0
-772.0
-1292.0
-1161.0
-962.0
-946.0
-1190.0
-1219.0
-579.0
-1116.0
-1370.0
-1095.0
-1644.0
-1000.0
-954.0
-1040.0
-1952.0
-668.0
-816.0
-1127.0
-1309.0
-1036.0
-944.0
-919.0
-1267.0
-1292.0
-936.0
-966.0
-1179.0
-1390.0
-1546.0
-1048.0
-1037.0
-1684.0
-1224.0
-1352.0
-1553.0
-1117.0
-1555.0
-1231.0
-1924.0
-1389.0
-1151.0
-1092.0
-993.0
-950.0
-1662.0
-1271.0
-1055.0
-990.0
-1055.0
-363.0
-1193.0
-1160.0
-336.0
-947.0
-1192.0
-943.0
-591.0
-1215.0
-1306.0
-1119.0
-1652.0
-1058.0
-954.0
-1047.0
-1560.0
-870.0
-988.0
-1168.0
-2182.0
-1001.0
-864.0
-961.0
-1206.0
-1495.0
-941.0
-996.0
-1208.0
-1457.0
-1542.0
-1067.0
-1082.0
-1682.0
-1197.0
-1391.0
-1377.0
-1037.0
-1501.0
-1169.0
-1992.0
-1418.0
-1113.0
-1026.0
-932.0
-717.0
-1349.0
-1289.0
-1056.0
-986.0
-1025.0
-367.0
-1175.0
-1136.0
-950.0
-955.0
-1133.0
-1240.0
-947.0
-1189.0
-1390.0
-1247.0
-1471.0
-1084.0
-922.0
-1017.0
-1692.0
-1095.0
-945.0
-1016.0
-1270.0
-1175.0
-922.0
-745.0
-1299.0
-1540.0
-970.0
-969.0
-1158.0
-1601.0
-1664.0
-1018.0
-1064.0
-1426.0
-1347.0
-1365.0
-1229.0
-1032.0
-1491.0
-1117.0
-1956.0
-2309.0
-1179.0
-1068.0
-933.0
-972.0
-1488.0
-1246.0
-1121.0
-969.0
-1086.0
-705.0
-1177.0
-1121.0
-955.0
-963.0
-1169.0
-1207.0
-559.0
-1234.0
-1462.0
-1131.0
-1867.0
-995.0
-950.0
-859.0
-1597.0
-811.0
-957.0
-1032.0
-1152.0
-1077.0
-955.0
-949.0
-1233.0
-1341.0
-985.0
-965.0
-814.0
-1467.0
-1554.0
-761.0
-1024.0
-1509.0
-1246.0
-1371.0
-1428.0
-1097.0
-1451.0
-1180.0
-1865.0
-1291.0
-1226.0
-1133.0
-959.0
-950.0
-780.0
-1316.0
-1092.0
-1024.0
-1029.0
-363.0
-1397.0
-1161.0
-996.0
-992.0
-1133.0
-1288.0
-983.0
-1148.0
-1418.0
-1137.0
-1610.0
-981.0
-987.0
-1066.0
-1827.0
-1118.0
-991.0
-1043.0
-1265.0
-1012.0
-977.0
-986.0
-1267.0
-1425.0
-949.0
-925.0
-1307.0
-1265.0
-1679.0
-989.0
-1042.0
-1612.0
-1155.0
-1391.0
-1175.0
-1100.0
-1448.0
-1192.0
-1795.0
-1734.0
-1231.0
-1118.0
-962.0
-994.0
-1287.0
-1268.0
-1074.0
-979.0
-990.0
-924.0
-1190.0
-1181.0
-965.0
-947.0
-1170.0
-1474.0
-1014.0
-1112.0
-1362.0
-1141.0
-1552.0
-1038.0
-953.0
-1059.0
-1608.0
-1079.0
-965.0
-1092.0
-1162.0
-980.0
-955.0
-952.0
-1226.0
-1323.0
-932.0
-951.0
-1109.0
-1420.0
-1561.0
-1108.0
-1036.0
-1433.0
-1301.0
-1379.0
-1419.0
-1034.0
-1770.0
-1158.0
-2209.0
-1187.0
-1235.0
-1136.0
-568.0
-536.0
-1206.0
-1296.0
-1053.0
-991.0
-1083.0
-937.0
-1178.0
-1150.0
-963.0
-958.0
-1091.0
-1029.0
-985.0
-1227.0
-1342.0
-1139.0
-1568.0
-1086.0
-977.0
-1104.0
-1530.0
-500.0
-985.0
-1063.0
-1292.0
-967.0
-960.0
-952.0
-1290.0
-1353.0
-940.0
-963.0
-1271.0
-1376.0
-1458.0
-1051.0
-1033.0
-1742.0
-1154.0
-1366.0
-1379.0
-1017.0
-1516.0
-1144.0
-2082.0
-1335.0
-1100.0
-1109.0
-948.0
-974.0
-1200.0
-1196.0
-1028.0
-1020.0
-1069.0
-967.0
-1112.0
-1179.0
-732.0
-564.0
-1166.0
-1137.0
-982.0
-1147.0
-1437.0
-1166.0
-1418.0
-1032.0
-974.0
-1068.0
-1646.0
-1021.0
-385.0
-1070.0
-1197.0
-1012.0
-962.0
-948.0
-1235.0
-1008.0
-945.0
-949.0
-1093.0
-1262.0
-1571.0
-1020.0
-1004.0
-1622.0
-1178.0
-1388.0
-1423.0
-1021.0
-1553.0
-1158.0
-1989.0
-1367.0
-1155.0
-1084.0
-967.0
-807.0
-1240.0
-1220.0
-1087.0
-951.0
-1082.0
-384.0
-1179.0
-1223.0
-606.0
-981.0
-1158.0
-1190.0
-533.0
-1200.0


