-24169.0
-17953.0
-20051.0
-15652.0
-14672.0
-12502.0
-17951.0
-15371.0
-13093.0
-15641.0
-12729.0
-17693.0
-11724.0
-19800.0
-19911.0
-15025.0
-10369.0
-17592.0
-12645.0
-14699.0
-19597.0
-20777.0
-13504.0
-15325.0
-15439.0
-17920.0
-17984.0
-15187.0
-17674.0
-21084.0
-22537.0
-16418.0
-21253.0
-11461.0
-17658.0
-14987.0
-16723.0
-15784.0
-7268.0
-8915.0
-16164.0
-13991.0
-15936.0
-15097.0
-10254.0
-19141.0
-18943.0
-13270.0
-11272.0
-13780.0
-19492.0
-15285.0
-13975.0
-16392.0
-13244.0
-14725.0
-17490.0
-13299.0
-13679.0
-15957.0
-13116.0
-11276.0
-14216.0
-11196.0
-22369.0
-14058.0
-10281.0
-11900.0
-13998.0
-18009.0
-19313.0
-12072.0
-11864.0
-19376.0
-10617.0
-16308.0
-12926.0
-9491.0
-22560.0
-10850.0
-16304.0
-18541.0
-12917.0
-10378.0
-11417.0
-9055.0
-15089.0
-14149.0
-11170.0
-11101.0
-8673.0
-13206.0
-18233.0
-14982.0
-10863.0
-12023.0
-19892.0
-15278.0
-11907.0
-14058.0
-10715.0
-15792.0
-21699.0
-10860.0
-9183.0
-15062.0
-11281.0
-17602.0
-11411.0
-8928.0
-23984.0
-11204.0
-9620.0
-13919.0
-11932.0
-16902.0
-8056.0
-7574.0
-17593.0
-23014.0
-13347.0
-12802.0
-14982.0
-12631.0
-12998.0
-12595.0
-11736.0
-7539.0
-18711.0
-16899.0
-15314.0
-11323.0
-18607.0
-12887.0
-7553.0
-8486.0
-12652.0
-12696.0
-18119.0
-9811.0
-5795.0
-9643.0
-13273.0
-14650.0
-7982.0
-9926.0
-14494.0
-18163.0
-7126.0
-16536.0
-13647.0
-10559.0
-23188.0
-14300.0
-10432.0
-9811.0
-16867.0
-14223.0
-9929.0
-12630.0
-14743.0
-8417.0
-10357.0
-6793.0
-14711.0
-14260.0
-7536.0
-5905.0
-11424.0
-8972.0
-15945.0
-13719.0
-11987.0
-14135.0
-10353.0
-16331.0
-8668.0
-12306.0
-17308.0
-12367.0
-8554.0
-15754.0
-14361.0
-8425.0
-11720.0
-7642.0
-13848.0
-10015.0
-7602.0
-14672.0
-5085.0
-7339.0
-9846.0
-15487.0
-7426.0
-8471.0
-12041.0
-9290.0
-9538.0
-11194.0
-13524.0
-14493.0
-17514.0
-10730.0
-11072.0
-10109.0
-12344.0
-10347.0
-11954.0
-11711.0
-10258.0
-6185.0
-5974.0
-8697.0
-14460.0
-16904.0
-9695.0
-7015.0
-14964.0
-16408.0
-10300.0
-10078.0
-10155.0
-12983.0
-10472.0
-8018.0
-10218.0
-7559.0
-12089.0
-10797.0
-11844.0
-19423.0
-9351.0
-6329.0
-3642.0
-2915.0
-11533.0
-7705.0
-5514.0
-12065.0
-5941.0
-6646.0
-5903.0
-17656.0
-6617.0
-9786.0
-12579.0
-12653.0
-5808.0
-10272.0
-6968.0
-12511.0
-15970.0
-9811.0
-5377.0
-6811.0
-9313.0
-5459.0
-6733.0
-3918.0
-12100.0
-7244.0
-7812.0
-5484.0
-19708.0
-14780.0
-3545.0
-4034.0
-10539.0
-7335.0
-15287.0
-9652.0
-13853.0
-6789.0
-5845.0
-7872.0
-12273.0
-3901.0
-11098.0
-4995.0
-8830.0
-9271.0
-10897.0
-4551.0
-4409.0
-4436.0
-9074.0
-5384.0
-4695.0
-7600.0
-5168.0
-5754.0
-9844.0
-15068.0
-5420.0
-8532.0
-13188.0
-5537.0
-5294.0
-11214.0
-9037.0
-9831.0
-10278.0
-10261.0
-5700.0
-7644.0
-10476.0
-10595.0
-9778.0
-4993.0
-8675.0
-5416.0
-4588.0
-8088.0
-7538.0
-11569.0
-5014.0
-5061.0
-7711.0
-6604.0
-13893.0
-4664.0
-7367.0
-13620.0
-8168.0
-7411.0
-7406.0
-6378.0
-9648.0
-10055.0
-11342.0
-8739.0
-7199.0
-6403.0
-4641.0
-3811.0
-9400.0
-8030.0
-3344.0
-3782.0
-4440.0
-2139.0
-7166.0
-7554.0
-2718.0
-3697.0
-4882.0
-8588.0
-4295.0
-6584.0
-9616.0
-10388.0
-10166.0
-5915.0
-3311.0
-3280.0
-11347.0
-4153.0
-4493.0
-5553.0
-3365.0
-2994.0
-3118.0
-4019.0
-5200.0
-7544.0
-4019.0
-3026.0
-11182.0
-6286.0
-12379.0
-3842.0
-4440.0
-7731.0
-5203.0
-4593.0
-4812.0
-2815.0
-9531.0
-5888.0
-11238.0
-9727.0
-6044.0
-2753.0
-3632.0
-4256.0
-4928.0
-6436.0
-4201.0
-3964.0
-3556.0
-4036.0
-6281.0
-11742.0
-2659.0
-4046.0
-9071.0
-5839.0
-2258.0
-8453.0
-5604.0
-6239.0
-12210.0
-6966.0
-3075.0
-2307.0
-10126.0
-4668.0
-3271.0
-3975.0
-6192.0
-3125.0
-3217.0
-3428.0
-4011.0
-11426.0
-3511.0
-2423.0
-5787.0
-10110.0
-9262.0
-3891.0
-8878.0
-9657.0
-3132.0
-4708.0
-5618.0
-7980.0
-7173.0
-6139.0
-6823.0
-5898.0
-5463.0
-5587.0
-2939.0
-4076.0
-8221.0
-2885.0
-2489.0
-5389.0
-3223.0
-3245.0
-2762.0
-6142.0
-2400.0
-2501.0
-4157.0
-3077.0
-3303.0
-3219.0
-4335.0
-6854.0
-7224.0
-3876.0
-3502.0
-3468.0
-6577.0
-5864.0
-4948.0
-4601.0
-6596.0
-2402.0
-3139.0
-2845.0
-4385.0
-9965.0
-3189.0
-2426.0
-3983.0
-3424.0
-7430.0
-4148.0
-3565.0
-9728.0
-6065.0
-6869.0
-8278.0
-2630.0
-7446.0
-5582.0
-5974.0
-7123.0
-6397.0
-1989.0
-2511.0
-2670.0
-3924.0
-3510.0
-1705.0
-5162.0
-4755.0
-1376.0
-3591.0
-4567.0
-1927.0
-2294.0
-5124.0
-5127.0
-1695.0
-6448.0
-2739.0
-4143.0
-7488.0
-5775.0
-2241.0
-2194.0
-8288.0
-3060.0
-3104.0
-1699.0
-5203.0
-2234.0
-2446.0
-1606.0
-6493.0
-8074.0
-2250.0
-2832.0
-3902.0
-6606.0
-7352.0
-1471.0
-4102.0
-9109.0
-2500.0
-3103.0
-4471.0
-4483.0
-3037.0
-4203.0
-3381.0
-5834.0
-3272.0
-1921.0
-2668.0
-2662.0
-6816.0
-2762.0
-2804.0
-2604.0
-1689.0
-1519.0
-3567.0
-4522.0
-1902.0
-2431.0
-4404.0
-2929.0
-2694.0
-2507.0
-3503.0
-4125.0
-5500.0
-2600.0
-1998.0
-2096.0
-2813.0
-2725.0
-1817.0
-1818.0
-5998.0
-2297.0
-4657.0
-2260.0
-3114.0
-8827.0
-2045.0
-2515.0
-4348.0
-4984.0
-5206.0
-2249.0
-3184.0
-7281.0
-3484.0
-4531.0
-3497.0
-1917.0
-4912.0
-5635.0
-5714.0
-6445.0
-4628.0
-2586.0
-1737.0
-1562.0
-4196.0
-5818.0
-2989.0
-2003.0
-2395.0
-2332.0
-3818.0
-5366.0
-2253.0
-2448.0
-1774.0
-2834.0
-1904.0
-2576.0
-2443.0
-3519.0
-4381.0
-4402.0
-1782.0
-2933.0
-4882.0
-2132.0
-2652.0
-1941.0
-3157.0
-2397.0
-2514.0
-2245.0
-3155.0
-6766.0
-1927.0
-2518.0
-5540.0
-3986.0
-3167.0
-3909.0
-3051.0
-2550.0
-2169.0
-3659.0
-3222.0
-1841.0
-3847.0
-2308.0
-4790.0
-5919.0
-4701.0
-1611.0
-1530.0
-1910.0
-3844.0
-3417.0
-1762.0
-2676.0
-3464.0
-2698.0
-2465.0
-2376.0
-2708.0
-1733.0
-3105.0
-3002.0
-1508.0
-5595.0
-4996.0
-3331.0
-8784.0
-5476.0
-2902.0
-1825.0
-3481.0
-2259.0
-1694.0
-2042.0
-3053.0
-2323.0
-1684.0
-2332.0
-7909.0
-3905.0
-2213.0
-1777.0
-5521.0
-5475.0
-3047.0
-2432.0
-3804.0
-2365.0
-2601.0
-1574.0
-2350.0
-1862.0
-6330.0
-2308.0
-3272.0
-4778.0
-3090.0
-2608.0
-1758.0
-1282.0
-3589.0
-1518.0
-1572.0
-1265.0
-1170.0
-1411.0
-1683.0
-4217.0
-2794.0
-3875.0
-3289.0
-3586.0
-1785.0
-2572.0
-2678.0
-3234.0
-4468.0
-5021.0
-1649.0
-1997.0
-4691.0
-2750.0
-2086.0
-2183.0
-3408.0
-2250.0
-1446.0
-2530.0
-3602.0
-4278.0
-1430.0
-1673.0
-2476.0
-2918.0
-3482.0
-1858.0
-3544.0
-6201.0
-2582.0
-1937.0
-2055.0
-4224.0
-3319.0
-1735.0
-3241.0
-2803.0
-4364.0
-1825.0
-1381.0
-1515.0
-1736.0
-2337.0
-2279.0
-1873.0
-1963.0
-1150.0
-1840.0
-2296.0
-1919.0
-3023.0
-5439.0
-3143.0
-1910.0
-3017.0
-1401.0
-3123.0
-3387.0
-2256.0
-1412.0
-1903.0
-6281.0
-2192.0
-1714.0
-2491.0
-2558.0
-3143.0
-2513.0
-1302.0
-4055.0
-4007.0
-1548.0
-1133.0
-2650.0
-2957.0
-2783.0
-2946.0
-1448.0
-3698.0
-1682.0
-5410.0
-2623.0
-1643.0
-5911.0
-2081.0
-4035.0
-3817.0
-2499.0
-1903.0
-1782.0
-1239.0
-2725.0
-4208.0
-1504.0
-2914.0
-2405.0
-1556.0
-4150.0
-3142.0
-2100.0
-1878.0
-3983.0
-3327.0
-1823.0
-2401.0
-2370.0
-2023.0
-2332.0
-1927.0
-1965.0
-1239.0
-2345.0
-1634.0
-2011.0
-1798.0
-2521.0
-1284.0
-1289.0
-2025.0
-4252.0
-4742.0
-1671.0
-1948.0
-1995.0
-2591.0
-3095.0
-1948.0
-2038.0
-2989.0
-1443.0
-1454.0
-3620.0
-1495.0
-4107.0
-2078.0
-3377.0
-4422.0
-2733.0
-2401.0
-1771.0
-1615.0
-2354.0
-2558.0
-1537.0
-2139.0
-1516.0
-1333.0
-2645.0
-2902.0
-1541.0
-1336.0
-2167.0
-3007.0
-1494.0
-2034.0
-3460.0
-2177.0
-4071.0
-1413.0
-1224.0
-1266.0
-3508.0
-2283.0
-1833.0
-2790.0
-3016.0
-2292.0
-1257.0
-1579.0
-3636.0
-2601.0
-1293.0
-1714.0
-2323.0
-2769.0
-2488.0
-3441.0
-3352.0
-3566.0
-2008.0
-5220.0
-2210.0
-1970.0
-3766.0
-1962.0
-2875.0
-4019.0
-3119.0
-2020.0
-1108.0
-1221.0
-3183.0
-1712.0
-1382.0
-1331.0
-1437.0
-1512.0
-1738.0
-2274.0
-1429.0
-1961.0
-3268.0
-1616.0
-1218.0
-2295.0
-2003.0
-2805.0
-2348.0
-2062.0
-1925.0
-1890.0
-2904.0
-1959.0
-1707.0
-1277.0
-2517.0
-1368.0
-1664.0
-1068.0
-3444.0
-1998.0
-2368.0
-1126.0
-1676.0
-3206.0
-2298.0
-1679.0
-1529.0
-1899.0
-2777.0
-2633.0
-1568.0
-1248.0
-3524.0
-2071.0
-2707.0
-2674.0
-1551.0
-2208.0
-1433.0
-1293.0
-2536.0
-2047.0
-1181.0
-1679.0
-2139.0
-1345.0
-2087.0
-1773.0
-1168.0
-1813.0
-1522.0
-1540.0
-1328.0
-2682.0
-1343.0
-2140.0
-2666.0
-1246.0
-1316.0
-1237.0
-2937.0
-1860.0
-1908.0
-1249.0
-1693.0
-2225.0
-1243.0
-1408.0
-2286.0
-2887.0
-1513.0
-1240.0
-2187.0
-1749.0
-3785.0
-3089.0
-1959.0
-1729.0
-1459.0
-3291.0
-2521.0
-1817.0
-2592.0
-1754.0
-3144.0
-2607.0
-1551.0
-1366.0
-1101.0
-1115.0
-2294.0
-1607.0
-1305.0
-1555.0
-1410.0
-1091.0
-1684.0
-2283.0
-1166.0
-1099.0
-1549.0
-2023.0
-1095.0
-1604.0
-3562.0
-2315.0
-2255.0
-1599.0
-1737.0
-1367.0
-2030.0
-1581.0
-1750.0
-1697.0
-1863.0
-1093.0
-1344.0
-1123.0
-2103.0
-1603.0
-1161.0
-1096.0
-2055.0
-2399.0
-2254.0
-2117.0
-1440.0
-2137.0
-1215.0
-2450.0
-1701.0
-1409.0
-2036.0
-1427.0
-1941.0
-2134.0
-3205.0
-1445.0
-1799.0
-1265.0
-1674.0
-1693.0
-1195.0
-1537.0
-1111.0
-1803.0
-1464.0
-2290.0
-1256.0
-1323.0
-1475.0
-1713.0
-1077.0
-1740.0
-1354.0
-1430.0
-2744.0
-1376.0
-1591.0
-1346.0
-2393.0
-1598.0
-1199.0
-1631.0
-1789.0
-1264.0
-1217.0
-1175.0
-1570.0
-2209.0
-1045.0
-1258.0
-2134.0
-2943.0
-3008.0
-1258.0
-1690.0
-1485.0
-1424.0
-2138.0
-1748.0
-1171.0
-2000.0
-1743.0
-3638.0
-2730.0
-1826.0
-1370.0
-1057.0
-1201.0
-2121.0
-1689.0
-1180.0
-1199.0
-1105.0
-1213.0
-1441.0
-2170.0
-1031.0
-1250.0
-2553.0
-1418.0
-1067.0
-1533.0
-1548.0
-1715.0
-2066.0
-1445.0
-1224.0
-1188.0
-2393.0
-1283.0
-1183.0
-1685.0
-1887.0
-1065.0
-1268.0
-1239.0
-1846.0
-1874.0
-1124.0
-1038.0
-2452.0
-1652.0
-2163.0
-1198.0
-1544.0
-1703.0
-1214.0
-1438.0
-1440.0
-1232.0
-1468.0
-1531.0
-2766.0
-1478.0
-1388.0
-1396.0
-1035.0
-1102.0
-1769.0
-1775.0
-1126.0
-1583.0
-1157.0
-1096.0
-2206.0
-1742.0
-1425.0
-1123.0
-1689.0
-1428.0
-1083.0
-2782.0
-3185.0
-2123.0
-2666.0
-1128.0
-1335.0
-1190.0
-2007.0
-1520.0
-1455.0
-1800.0
-1827.0
-1082.0
-1090.0
-1165.0
-2534.0
-1943.0
-1122.0
-1342.0
-1739.0
-2418.0
-2059.0
-1321.0
-1577.0
-2018.0
-1362.0
-1591.0
-1510.0
-1215.0
-2762.0
-1700.0
-2101.0
-1826.0
-1616.0
-1249.0
-1245.0
-1149.0
-1688.0
-2219.0
-1132.0
-1491.0
-1428.0
-1007.0
-1776.0
-1489.0
-1067.0
-1114.0
-1820.0
-2566.0
-1085.0
-1739.0
-1966.0
-1522.0
-2180.0
-1257.0
-1287.0
-1206.0
-1795.0
-1118.0
-1153.0
-1169.0
-1725.0
-1579.0
-1083.0
-1085.0
-1603.0
-2154.0
-1140.0
-1057.0
-1541.0
-2181.0
-1870.0
-1114.0
-1697.0
-1674.0
-1604.0
-1773.0
-1353.0
-1183.0
-2113.0
-1711.0
-3233.0
-1898.0
-1589.0
-1186.0
-1159.0
-1115.0
-1956.0
-1507.0
-1172.0
-1317.0
-1137.0
-1116.0
-1589.0
-2019.0
-1204.0
-1298.0
-1514.0
-1492.0
-1220.0
-1542.0
-1767.0
-1523.0
-1914.0
-1553.0
-1166.0
-1195.0
-1937.0
-1196.0
-1122.0
-1352.0
-1672.0
-1025.0
-1506.0
-1495.0
-1435.0
-1660.0
-1039.0
-996.0
-1490.0
-1979.0
-1982.0
-1082.0
-1460.0
-1538.0
-1802.0
-1650.0
-1465.0
-1138.0
-1518.0
-1475.0
-2814.0
-2402.0
-1667.0
-1262.0
-1236.0
-1440.0
-1590.0
-1415.0
-1175.0
-1084.0
-1108.0
-1124.0
-3630.0
-1250.0
-1013.0
-1004.0
-1438.0
-1381.0
-1080.0
-2098.0
-1464.0
-1441.0
-2353.0
-1209.0
-1075.0
-1130.0
-2785.0
-1446.0
-1567.0
-1170.0
-2273.0
-1029.0
-1108.0
-1053.0
-1558.0
-1703.0
-1596.0
-1036.0
-1238.0
-1840.0
-1876.0
-1199.0
-1167.0
-1704.0
-1390.0
-1448.0
-1510.0
-1188.0
-1623.0
-1575.0
-2839.0
-1675.0
-1454.0
-1193.0
-1141.0
-1131.0
-1663.0
-1408.0
-1139.0
-1289.0
-1148.0
-1006.0
-1533.0
-2042.0
-983.0
-1273.0
-1415.0
-1255.0
-1203.0
-1261.0
-1361.0
-1284.0
-2658.0
-1140.0
-1188.0
-1190.0
-2102.0
-1092.0
-1003.0
-1604.0
-1920.0
-1973.0
-1210.0
-994.0
-1409.0
-1452.0
-1008.0
-1227.0
-1596.0
-2454.0
-1744.0
-1077.0
-1555.0
-1563.0
-1733.0
-1795.0
-1673.0
-1258.0
-1912.0
-1574.0
-2040.0
-2039.0
-1742.0
-1223.0
-1299.0
-1178.0
-1712.0
-1399.0
-1163.0
-1093.0
-1038.0
-946.0
-1484.0
-1696.0
-977.0
-986.0
-1621.0
-1398.0
-1079.0
-1374.0
-1363.0
-1285.0
-2437.0
-1423.0
-1015.0
-1089.0
-1886.0
-1345.0
-1045.0
-1272.0
-1706.0
-999.0
-1011.0
-1474.0
-1421.0
-1541.0
-978.0
-1099.0
-1660.0
-1581.0
-2027.0
-1209.0
-1310.0
-1277.0
-1563.0
-1528.0
-1378.0
-1212.0
-2243.0
-1618.0
-2289.0
-1417.0
-1500.0
-1264.0
-1025.0
-1103.0
-1764.0
-1453.0
-1174.0
-1147.0
-1047.0
-968.0
-1446.0
-2447.0
-947.0
-990.0
-3167.0
-1416.0
-1001.0
-1677.0
-1318.0
-1341.0
-3285.0
-1165.0
-1888.0
-1054.0
-2395.0
-1156.0
-988.0
-1246.0
-1482.0
-1031.0
-1021.0
-1332.0
-1299.0
-2216.0
-1513.0
-954.0
-1275.0
-2190.0
-1877.0
-1125.0
-1085.0
-1469.0
-1285.0
-1395.0
-1545.0
-1322.0
-1868.0
-1339.0
-2220.0
-1677.0
-1875.0
-1080.0
-985.0
-1127.0
-1412.0
-1499.0
-1189.0
-1063.0
-1003.0
-1075.0
-1710.0
-1634.0
-974.0
-961.0
-1314.0
-1399.0
-999.0
-1575.0
-1397.0
-1309.0
-2481.0
-1075.0
-1085.0
-1141.0
-2436.0
-1097.0
-1055.0
-1022.0
-1445.0
-983.0
-978.0
-1026.0
-1241.0
-2078.0
-926.0
-984.0
-1724.0
-1834.0
-1773.0
-1077.0
-1241.0
-1528.0
-1163.0
-1663.0
-1650.0
-1196.0
-1617.0
-1358.0
-2453.0
-1590.0
-1425.0
-1407.0
-979.0
-1215.0
-1556.0
-1308.0
-1138.0
-1082.0
-1012.0
-939.0
-1714.0
-1483.0
-1139.0
-942.0
-1169.0
-1309.0
-1004.0
-1353.0
-1581.0
-1466.0
-1956.0
-1184.0
-1029.0
-1145.0
-2748.0
-1090.0
-1076.0
-1096.0
-1836.0
-979.0
-998.0
-963.0
-1595.0
-1910.0
-948.0
-1003.0
-1323.0
-2103.0
-1629.0
-1197.0
-1891.0
-1427.0
-1326.0
-1516.0
-1691.0
-1106.0
-1858.0
-1471.0
-1805.0
-1336.0
-1529.0
-1356.0
-947.0
-1042.0
-1581.0
-1211.0
-1116.0
-1086.0
-981.0
-951.0
-1529.0
-1631.0
-951.0
-987.0
-1474.0
-1376.0
-970.0
-1581.0
-1650.0
-1421.0
-2417.0
-1334.0
-1030.0
-1019.0
-1746.0
-1388.0
-1078.0
-1740.0
-1819.0
-941.0
-1008.0
-1429.0
-1562.0
-1599.0
-960.0
-1119.0
-1251.0
-1822.0
-1710.0
-1057.0
-1361.0
-1529.0
-1490.0
-2081.0
-1641.0
-1250.0
-2127.0
-1383.0
-2152.0
-1679.0
-1270.0
-1204.0
-970.0
-971.0
-1694.0
-1473.0
-1202.0
-1039.0
-987.0
-1114.0
-1318.0
-1475.0
-944.0
-1508.0
-2318.0
-1937.0
-1278.0
-1423.0
-1252.0
-2120.0
-1857.0
-1102.0
-1454.0
-1228.0
-1622.0
-1142.0
-1093.0
-982.0
-1590.0
-1007.0
-966.0
-989.0
-1307.0
-1695.0
-881.0
-910.0
-1348.0
-1939.0
-1998.0
-991.0
-2253.0
-1360.0
-1880.0
-1260.0
-1249.0
-1647.0
-2171.0
-1484.0
-1774.0
-2313.0
-2510.0
-2048.0
-948.0
-1007.0
-1751.0
-1221.0
-1537.0
-1317.0
-961.0
-1102.0
-1411.0
-1444.0
-1095.0
-937.0
-1246.0
-1768.0
-942.0
-1311.0
-1493.0
-1168.0
-2055.0
-1062.0
-1097.0
-1086.0
-1853.0
-1150.0
-955.0
-1016.0
-1589.0
-911.0
-968.0
-1053.0
-1275.0
-1937.0
-957.0
-974.0
-1322.0
-1800.0
-1552.0
-1049.0
-1385.0
-1314.0
-1257.0
-1538.0
-1487.0
-1123.0
-1736.0
-1319.0
-1876.0
-2067.0
-1754.0
-1134.0
-970.0
-984.0
-1740.0
-1190.0
-1136.0
-1059.0
-972.0
-1001.0
-1571.0
-1401.0
-905.0
-908.0
-1391.0
-1415.0
-985.0
-1195.0
-1365.0
-1090.0
-1779.0
-1004.0
-1010.0
-1072.0
-2162.0
-1219.0
-1016.0
-1124.0
-1497.0
-931.0
-1485.0
-1455.0
-1424.0
-1542.0
-909.0
-971.0
-1449.0
-1698.0
-1568.0
-1041.0
-1156.0
-1493.0
-1297.0
-1994.0
-1866.0
-1235.0
-2031.0
-1488.0
-1593.0
-1659.0
-1272.0
-1287.0
-970.0
-966.0
-1854.0
-1331.0
-1100.0
-1151.0
-1004.0
-962.0
-2371.0
-1728.0
-1401.0
-997.0
-1733.0
-1727.0
-1132.0
-1696.0
-2408.0
-1297.0
-1730.0
-1341.0
-1047.0
-1235.0
-2187.0
-7318.0
-1053.0
-1231.0
-1621.0
-921.0
-1119.0
-1001.0
-1261.0
-1697.0
-1172.0
-1016.0
-1336.0
-3081.0
-1612.0
-1071.0
-1282.0
-1223.0
-1425.0
-1367.0
-1313.0
-1134.0
-6988.0
-1481.0
-2238.0
-1435.0
-1905.0
-4710.0
-997.0
-1084.0
-1320.0
-1208.0
-1096.0
-1048.0
-962.0
-1417.0
-1311.0
-1374.0
-901.0
-1029.0
-1671.0
-1486.0
-1015.0
-1152.0
-1489.0
-1487.0
-2533.0
-1068.0
-1050.0
-1070.0
-2170.0
-1146.0
-1086.0
-4359.0
-1328.0
-958.0
-963.0
-1453.0
-1358.0
-1581.0
-913.0
-938.0
-1365.0
-1748.0
-1701.0
-992.0
-1236.0
-1265.0
-1271.0
-1575.0
-1402.0
-1123.0
-2021.0
-1652.0
-1509.0
-1678.0
-1387.0
-1077.0
-951.0
-962.0
-1560.0
-1372.0
-1069.0
-1050.0
-1514.0
-1168.0
-1386.0
-1538.0
-906.0
-2009.0
-1527.0
-1959.0
-1166.0
-1450.0
-1312.0
-1192.0
-2170.0
-943.0
-964.0
-1218.0
-1818.0
-1190.0
-1010.0
-1002.0
-1665.0
-1005.0
-1017.0
-986.0
-1260.0
-1738.0
-930.0
-914.0
-1512.0
-1990.0
-1836.0
-1083.0
-1228.0
-1375.0
-1217.0
-2143.0
-1552.0
-1294.0
-2353.0
-1395.0
-1885.0
-1289.0
-1644.0
-1150.0
-951.0
-995.0
-1407.0
-1304.0
-1093.0
-1081.0
-917.0
-1074.0
-1460.0
-1542.0
-943.0
-950.0
-1121.0
-1297.0
-912.0
-1405.0
-1355.0
-1129.0
-2397.0
-1125.0
-1282.0
-973.0
-1827.0
-1195.0
-966.0
-962.0
-1633.0
-925.0
-981.0
-1090.0
-1570.0
-1680.0
-1332.0
-953.0
-1319.0
-1668.0
-1947.0
-1054.0
-1405.0
-1342.0
-1325.0
-1997.0
-1612.0
-1096.0
-2780.0
-1481.0
-4171.0
-1844.0
-1557.0
-1328.0
-936.0
-1546.0
-1485.0
-1232.0
-1095.0
-1069.0
-979.0
-922.0
-1634.0
-1372.0
-919.0
-891.0
-1208.0
-1335.0
-972.0
-1160.0
-1641.0
-1062.0
-2014.0
-1181.0
-968.0
-1011.0
-1629.0
-1112.0
-974.0
-989.0
-1738.0
-1186.0
-2075.0
-958.0
-1352.0
-2182.0
-931.0
-917.0
-1286.0
-1868.0
-1705.0
-1197.0
-1175.0
-1688.0
-1126.0
-7016.0
-1392.0
-1003.0
-2010.0
-1367.0
-1629.0
-1152.0
-1362.0
-1175.0
-1050.0
-976.0
-2006.0
-1487.0
-1237.0
-1061.0
-1770.0
-992.0
-1417.0
-1551.0
-1166.0
-955.0
-2645.0
-3681.0
-969.0
-1327.0
-1343.0
-1315.0
-4672.0
-1010.0
-2877.0
-1133.0
-2367.0
-1689.0
-2311.0
-1123.0
-1805.0
-917.0
-1027.0
-1049.0
-1981.0
-3605.0
-1636.0
-943.0
-3321.0
-2541.0
-1568.0
-1466.0
-4655.0
-1531.0
-1272.0
-1394.0
-1946.0
-2743.0
-3380.0
-2048.0
-2404.0
-2272.0
-1938.0
-2507.0
-2843.0
-1583.0
-2447.0
-3180.0
-1698.0
-1258.0
-1529.0
-1259.0
-1395.0
-2576.0
-2283.0
-2586.0
-1195.0
-1541.0
-1120.0
-1253.0
-1510.0
-2407.0
-2254.0
-998.0
-1031.0
-2308.0
-2016.0
-2074.0
-988.0
-1033.0
-1693.0
-1756.0
-1129.0
-1571.0
-1271.0
-3898.0
-911.0
-1631.0
-1351.0
-2353.0
-1510.0
-2428.0
-2334.0
-4147.0
-1453.0
-1541.0
-2428.0
-1397.0
-1655.0
-1816.0
-1762.0
-1243.0
-2137.0
-2599.0
-954.0
-1146.0
-2218.0
-2315.0
-1199.0
-1320.0
-965.0
-1129.0
-4761.0
-1773.0
-3197.0
-994.0
-1239.0
-1344.0
-964.0
-1677.0
-1556.0
-1097.0
-1759.0
-983.0
-1671.0
-1051.0
-2093.0
-1243.0
-989.0
-1018.0
-1930.0
-935.0
-1040.0
-1533.0
-4453.0
-2534.0
-1051.0
-1492.0
-2314.0
-3755.0
-1785.0
-1655.0
-1445.0
-3480.0
-1831.0
-1661.0
-2070.0
-2069.0
-1888.0
-1707.0
-1974.0
-2365.0
-3626.0
-2252.0
-2408.0
-1009.0
-2515.0
-1474.0
-2269.0
-2377.0
-1041.0
-6019.0
-1439.0
-1924.0
-1499.0
-1056.0
-1293.0
-1946.0
-1117.0
-1563.0
-1356.0
-1650.0
-3013.0
-1579.0
-1017.0
-1782.0
-2596.0
-2534.0
-2873.0
-1140.0
-1779.0
-2705.0
-1130.0
-2564.0
-2341.0
-2984.0
-911.0
-992.0
-1723.0
-1941.0
-2161.0
-1003.0
-2034.0
-3161.0
-2044.0
-1531.0
-1404.0
-1161.0
-1847.0
-1607.0
-1787.0
-1470.0
-1378.0
-1189.0
-964.0
-1033.0
-1259.0
-1937.0
-2057.0
-980.0
-1233.0
-1217.0
-1484.0
-1358.0
-984.0
-1271.0
-1511.0
-1294.0
-1054.0
-1290.0
-1507.0
-1127.0
-2115.0
-1085.0
-948.0
-1079.0
-2418.0
-2594.0
-1028.0
-2491.0
-1558.0
-1003.0
-981.0
-2816.0
-1197.0
-3851.0
-1141.0
-1021.0
-1309.0
-3021.0
-2287.0
-2136.0
-1246.0
-1564.0
-1249.0
-1880.0
-2660.0
-1027.0
-2433.0
-1353.0
-1750.0
-1659.0
-1298.0
-1205.0
-1401.0
-1198.0
-1957.0
-1573.0
-1138.0
-1278.0
-1180.0
-925.0
-1378.0
-1423.0
-1508.0
-1041.0
-1810.0
-1565.0
-1576.0
-1662.0
-1616.0
-1207.0
-1864.0
-1026.0
-996.0
-1307.0
-1670.0
-1337.0
-1097.0
-1102.0
-1774.0
-966.0
-1051.0
-1030.0
-1221.0
-5447.0
-1019.0
-995.0
-1690.0
-2362.0
-1844.0
-6808.0
-1454.0
-1713.0
-1652.0
-2947.0
-1577.0
-2817.0
-2281.0
-3406.0
-2618.0
-1770.0
-2998.0
-4888.0
-1563.0
-1890.0
-3421.0
-1525.0
-2852.0
-2323.0
-2075.0
-2112.0
-2443.0
-2010.0
-1952.0
-2001.0
-1620.0
-1686.0
-1600.0
-1471.0
-1464.0
-1716.0
-2042.0
-1313.0
-949.0
-3125.0
-1987.0
-1229.0
-1228.0
-1030.0
-1801.0
-962.0
-993.0
-1565.0
-1213.0
-4673.0
-1414.0
-1058.0
-1265.0
-3027.0
-1752.0
-1204.0
-1174.0
-1422.0
-1228.0
-1569.0
-1228.0
-1366.0
-2229.0
-2174.0
-1983.0
-2597.0
-2166.0
-1957.0
-1390.0
-1007.0
-2125.0
-1799.0
-1163.0
-1704.0
-1700.0
-1135.0
-3321.0
-1507.0
-937.0
-1705.0
-1904.0
-2448.0
-1691.0
-1428.0
-1837.0
-2133.0
-3461.0
-1129.0
-1188.0
-1062.0
-1884.0
-1185.0
-1089.0
-1031.0
-1760.0
-1044.0
-995.0
-989.0
-1195.0
-1453.0
-987.0
-964.0
-1242.0
-2267.0
-2166.0
-976.0
-1217.0
-1671.0
-1573.0
-1366.0
-1827.0
-1108.0
-1677.0
-2068.0
-2130.0
-1490.0
-1461.0
-1151.0
-949.0
-1406.0
-1372.0
-1486.0
-1430.0
-1205.0
-1740.0
-1278.0
-1920.0
-2683.0
-1638.0
-1382.0
-2112.0
-1243.0
-1238.0
-1068.0
-2761.0
-1121.0
-4312.0
-3075.0
-1596.0
-1137.0
-2958.0
-1227.0
-1939.0
-1023.0
-2221.0
-1513.0
-1003.0
-1786.0
-1933.0
-5965.0
-1097.0
-963.0
-4643.0
-1756.0
-1684.0
-1007.0
-1190.0
-3375.0
-3399.0
-1663.0
-1246.0
-2204.0
-2069.0
-1728.0
-3329.0
-3273.0
-5593.0
-2211.0
-1924.0
-985.0
-2575.0
-1294.0
-1351.0
-5760.0
-2261.0
-2135.0
-5418.0
-2018.0
-1825.0
-1231.0
-2761.0
-2130.0
-1491.0
-1530.0
-3127.0
-2535.0
-3358.0
-2571.0
-1140.0
-3487.0
-2537.0
-1236.0
-2535.0
-2412.0
-4450.0
-2132.0
-4472.0
-1115.0
-1266.0
-6018.0
-1779.0
-1258.0
-1274.0
-5474.0
-2000.0
-3333.0
-1482.0
-1515.0
-3247.0
-1620.0
-1425.0
-1236.0
-2912.0
-5951.0
-2700.0
-6661.0
-1599.0
-2994.0
-2244.0
-1400.0
-2000.0
-2781.0
-1053.0
-2028.0
-2014.0
-2840.0
-2332.0
-2291.0
-1002.0
-2190.0
-2838.0
-3403.0
-1385.0
-1744.0
-1500.0
-2897.0
-2927.0
-1266.0
-3551.0
-1538.0
-3059.0
-1185.0
-4388.0
-1069.0
-5139.0
-961.0
-4577.0
-1465.0
-1236.0
-4467.0
-1037.0
-4245.0
-1697.0
-3913.0
-1849.0
-1354.0
-4395.0
-4672.0
-7354.0
-1576.0
-4467.0
-1887.0
-1870.0
-2204.0
-1854.0
-2032.0
-3388.0
-1183.0
-1783.0
-972.0
-1334.0
-1605.0
-1739.0
-1162.0
-1621.0
-1155.0
-1872.0
-1400.0
-1286.0
-1436.0
-1597.0
-1298.0
-1062.0
-1333.0
-1609.0
-1077.0
-3370.0
-1099.0
-1677.0
-1409.0
-1906.0
-1203.0
-1033.0
-1791.0
-2051.0
-984.0
-1222.0
-2175.0
-1200.0
-1550.0
-1108.0
-945.0
-1587.0
-3015.0
-1942.0
-1076.0
-1150.0
-1750.0
-1284.0
-1496.0
-1709.0
-1189.0
-1590.0
-1668.0
-1848.0
-1227.0
-1985.0
-1148.0
-1098.0
-1031.0
-1320.0
-1648.0
-1138.0
-1042.0
-1390.0
-967.0
-1710.0
-1365.0
-969.0
-964.0
-1158.0
-1426.0
-962.0
-1235.0
-1793.0
-1081.0
-1916.0
-5793.0
-1077.0
-1162.0
-2725.0
-1128.0
-1033.0
-1020.0
-1380.0
-971.0
-942.0
-974.0
-7815.0
-1788.0
-926.0
-985.0
-1236.0
-1762.0
-1785.0
-986.0
-1185.0
-1479.0
-1284.0
-1557.0
-1292.0
-1384.0
-2416.0
-1361.0
-2166.0
-1417.0
-1313.0
-1114.0
-945.0
-937.0
-1935.0
-1358.0
-2489.0
-2902.0
-1873.0
-948.0
-1727.0
-1465.0
-1059.0
-1102.0
-1478.0
-2073.0
-2139.0
-1857.0
-2456.0
-2022.0
-2332.0
-2260.0
-2998.0
-3741.0
-3386.0
-1056.0
-1515.0
-1743.0
-1558.0
-1385.0
-3190.0
-3185.0
-1602.0
-3703.0
-1310.0
-2868.0
-1569.0
-2799.0
-2069.0
-1312.0
-3116.0
-1818.0
-1310.0
-1470.0
-2602.0
-1306.0
-1766.0
-2265.0
-2239.0
-2372.0
-1992.0
-3153.0
-1205.0
-1458.0
-2612.0
-1481.0
-1201.0
-1878.0
-2386.0
-2377.0
-1942.0
-2814.0
-1711.0
-1338.0
-2591.0
-2921.0
-994.0
-1595.0
-2797.0
-1277.0
-2816.0
-1205.0
-1266.0
-1658.0
-2131.0
-2342.0
-1939.0
-2193.0
-1391.0
-1269.0
-948.0
-926.0
-1186.0
-1735.0
-911.0
-955.0
-1335.0
-2436.0
-1776.0
-949.0
-2564.0
-1431.0
-2686.0
-1522.0
-1452.0
-1195.0
-2200.0
-1576.0
-1783.0
-1070.0
-1240.0
-1771.0
-979.0
-1496.0
-1786.0
-1347.0
-1195.0
-1263.0
-1038.0
-923.0
-1941.0
-1177.0
-920.0
-1581.0
-1185.0
-1310.0
-1014.0
-1431.0
-3007.0
-1050.0
-1677.0
-1073.0
-942.0
-1125.0
-2003.0
-1128.0
-992.0
-2330.0
-1724.0
-1449.0
-936.0
-966.0
-1966.0
-2105.0
-968.0
-1135.0
-1375.0
-1710.0
-1912.0
-1143.0
-1456.0
-1476.0
-1553.0
-1317.0
-1327.0
-1159.0
-1504.0
-1394.0
-1829.0
-1228.0
-1476.0
-1276.0
-937.0
-1273.0
-2433.0
-1422.0
-1134.0
-1037.0
-973.0
-951.0
-2407.0
-2691.0
-906.0
-2350.0
-1368.0
-1700.0
-1178.0
-1196.0
-2381.0
-1613.0
-2694.0
-2640.0
-1612.0
-1742.0
-3284.0
-2893.0
-2012.0
-3000.0
-1705.0
-2243.0
-2650.0
-2104.0
-1419.0
-1532.0
-1808.0
-1644.0
-1220.0
-2290.0
-2007.0
-1324.0
-1139.0
-2032.0
-1243.0
-1429.0
-1406.0
-1080.0
-1753.0
-1354.0
-1877.0
-1089.0
-1227.0
-1110.0
-936.0
-1005.0
-1258.0
-1391.0
-1170.0
-947.0
-1019.0
-922.0
-1378.0
-1819.0
-915.0
-886.0
-1133.0
-1279.0
-1020.0
-7678.0
-1655.0
-1146.0
-1641.0
-1027.0
-1048.0
-1090.0
-2595.0
-1146.0
-1007.0
-1017.0
-1353.0
-1077.0
-1076.0
-948.0
-2170.0
-1537.0
-960.0
-951.0
-1330.0
-3096.0
-1811.0
-997.0
-1131.0
-1621.0
-1252.0
-1558.0
-1749.0
-1130.0
-1568.0
-1316.0
-2852.0
-2156.0
-1332.0
-1220.0
-1016.0
-982.0
-1298.0
-1359.0
-1117.0
-1029.0
-1023.0
-912.0
-1378.0
-1141.0
-935.0
-924.0
-1354.0
-1168.0
-1204.0
-1094.0
-1363.0
-1216.0
-1721.0
-1004.0
-946.0
-1043.0
-2096.0
-1018.0
-906.0
-1205.0
-1481.0
-1156.0
-981.0
-994.0
-1138.0
-1606.0
-1498.0
-1100.0
-1260.0
-1642.0
-1765.0
-965.0
-1131.0
-1349.0
-2087.0
-2387.0
-1380.0
-2347.0
-1712.0
-1327.0
-1580.0
-1414.0
-1349.0
-1280.0
-1444.0
-1242.0
-2337.0
-1716.0
-1282.0
-2437.0
-1504.0
-1596.0
-2381.0
-1807.0
-2416.0
-1117.0
-1874.0
-2777.0
-1681.0
-1885.0
-2075.0
-1275.0
-1956.0
-1064.0
-1504.0
-1433.0
-2513.0
-1990.0
-1230.0
-1215.0
-2443.0
-2271.0
-1489.0
-1190.0
-1105.0
-1702.0
-1770.0
-1531.0
-1986.0
-1478.0
-2244.0
-1412.0
-1179.0
-1837.0
-2612.0
-2366.0
-1847.0
-1227.0
-1864.0
-1285.0
-2724.0
-1364.0
-2352.0
-1951.0
-1510.0
-2889.0
-1549.0
-1787.0
-1113.0
-1072.0
-2626.0
-982.0
-2368.0
-1201.0
-1809.0
-2404.0
-1181.0
-1763.0
-1477.0
-1174.0
-1550.0
-972.0
-1963.0
-1749.0
-1106.0
-1161.0
-1992.0
-1490.0
-923.0
-1537.0
-1418.0
-930.0
-1166.0
-907.0
-1124.0
-1413.0
-881.0
-962.0
-1347.0
-1625.0
-2632.0
-994.0
-1388.0
-1998.0
-1569.0
-1952.0
-1720.0
-1840.0
-1830.0
-1508.0
-1978.0
-2086.0
-1423.0
-1650.0
-899.0
-1415.0
-1976.0
-1287.0
-1269.0
-1041.0
-2119.0
-917.0
-1699.0
-1621.0
-1082.0
-1600.0
-1102.0
-1693.0
-986.0
-1258.0
-3311.0
-1910.0
-3330.0
-1881.0
-2093.0
-1029.0
-3952.0
-2948.0
-1751.0
-1704.0
-1756.0
-1792.0
-1292.0
-1589.0
-1509.0
-1541.0
-2418.0
-933.0
-1568.0
-1861.0
-2316.0
-945.0
-1145.0
-1438.0
-2185.0
-1881.0
-1472.0
-1100.0
-1502.0
-1367.0
-2239.0
-1207.0
-1334.0
-1325.0
-940.0
-1522.0
-1247.0
-1816.0
-1617.0
-1596.0
-1729.0
-2345.0
-2229.0
-2090.0
-1658.0
-1233.0
-1412.0
-3347.0
-1540.0
-1239.0
-1861.0
-2232.0
-2119.0
-1039.0
-1019.0
-2264.0
-3195.0
-1215.0
-953.0
-997.0
-1498.0
-1131.0
-3961.0
-963.0
-1507.0
-1440.0
-940.0
-940.0
-1276.0
-1921.0
-1848.0
-1029.0
-1127.0
-1309.0
-1320.0
-1500.0
-1160.0
-1074.0
-1714.0
-1413.0
-1715.0
-4326.0
-1797.0
-1064.0
-936.0
-963.0
-1837.0
-1221.0
-1076.0
-1052.0
-1026.0
-1711.0
-2036.0
-1350.0
-2437.0
-1496.0
-2184.0
-2928.0
-2614.0
-1064.0
-3164.0
-1681.0
-3616.0
-1934.0
-992.0
-1038.0
-1820.0
-2855.0
-3061.0
-1540.0
-2095.0
-1779.0
-2705.0
-1796.0
-2210.0
-1442.0
-1775.0
-1524.0
-2946.0
-2264.0
-2192.0
-985.0
-2323.0
-1352.0
-1234.0
-1894.0
-1265.0
-1945.0
-1937.0
-1324.0
-2535.0
-1870.0
-2691.0
-1711.0
-1199.0
-1317.0
-2246.0
-1294.0
-1572.0
-1493.0
-1086.0
-909.0
-1407.0
-1172.0
-927.0
-901.0
-1116.0
-1277.0
-991.0
-1233.0
-1455.0
-1037.0
-2042.0
-1063.0
-1210.0
-1026.0
-2579.0
-1045.0
-996.0
-1021.0
-1448.0
-968.0
-976.0
-922.0
-1531.0
-1421.0
-913.0
-1132.0
-2756.0
-2404.0
-2000.0
-968.0
-1075.0
-1233.0
-1326.0
-1570.0
-1646.0
-1266.0
-9622.0
-1381.0
-1956.0
-1131.0
-1271.0
-1088.0
-1052.0
-1696.0
-1289.0
-1336.0
-1145.0
-1023.0
-1373.0
-909.0
-1399.0
-1188.0
-913.0
-920.0
-1150.0
-1324.0
-1197.0
-1240.0
-1522.0
-1044.0
-1761.0
-1061.0
-1013.0
-1063.0
-2563.0
-1303.0
-1099.0
-1019.0
-3178.0
-2894.0
-1007.0
-1113.0
-1598.0
-1413.0
-920.0
-1007.0
-1266.0
-3178.0
-1835.0
-1025.0
-1453.0
-1302.0
-2674.0
-2074.0
-1153.0
-1047.0
-1844.0
-1827.0
-2742.0
-1065.0
-2694.0
-1077.0
-1688.0
-961.0
-1657.0
-1304.0
-1621.0
-1085.0
-2033.0
-2203.0
-2782.0
-2639.0
-1764.0
-4123.0
-4745.0
-1338.0
-1905.0
-2673.0
-2929.0
-1055.0
-2513.0
-991.0
-944.0
-3511.0
-2423.0
-1746.0
-950.0
-1035.0
-1446.0
-2771.0
-1079.0
-1032.0
-2240.0
-1402.0
-964.0
-1403.0
-1185.0
-1866.0
-1538.0
-958.0
-1317.0
-2579.0
-1259.0
-1235.0
-1576.0
-1766.0
-2004.0
-1718.0
-1754.0
-1228.0
-1258.0
-1216.0
-975.0
-1038.0
-1563.0
-1269.0
-1126.0
-1056.0
-981.0
-998.0
-1299.0
-1441.0
-934.0
-1025.0
-1069.0
-1694.0
-1008.0
-1255.0
-1802.0
-1336.0
-1900.0
-991.0
-1089.0
-1318.0
-1923.0
-1394.0
-2118.0
-976.0
-1480.0
-957.0
-1219.0
-969.0
-1093.0
-1522.0
-893.0
-1256.0
-1380.0
-2784.0
-2071.0
-979.0
-1210.0
-2109.0
-1248.0
-1378.0
-1516.0
-1170.0
-2393.0
-1364.0
-1553.0
-1445.0
-1300.0
-1183.0
-936.0
-958.0
-1599.0
-2381.0
-1158.0
-1041.0
-999.0
-1253.0
-1330.0
-1543.0
-918.0
-914.0
-1168.0
-1180.0
-947.0
-1587.0
-1368.0
-1049.0
-1756.0
-992.0
-918.0
-1041.0
-2267.0
-1043.0
-932.0
-1029.0
-1859.0
-941.0
-948.0
-950.0
-1239.0
-1487.0
-1344.0
-998.0
-1512.0
-1612.0
-1735.0
-1029.0
-1093.0
-1861.0
-1242.0
-1474.0
-1818.0
-1173.0
-1916.0
-1397.0
-1715.0
-1837.0
-1375.0
-1102.0
-962.0
-990.0
-1344.0
-1296.0
-1311.0
-1038.0
-2239.0
-981.0
-1451.0
-1247.0
-918.0
-900.0
-1072.0
-1155.0
-952.0
-1301.0
-2028.0
-2002.0
-1651.0
-1001.0
-964.0
-1951.0
-2278.0
-1064.0
-912.0
-1029.0
-2071.0
-949.0
-928.0
-1031.0
-1357.0
-2761.0
-928.0
-932.0
-1203.0
-1951.0
-1727.0
-982.0
-1258.0
-2397.0
-1591.0
-1479.0
-1364.0
-2110.0
-2184.0
-2299.0
-1498.0
-1259.0
-1573.0
-1972.0
-972.0
-961.0
-1924.0
-1383.0
-1156.0
-986.0
-1061.0
-922.0
-1778.0
-1542.0
-901.0
-1578.0
-1152.0
-1245.0
-1420.0
-1069.0
-1415.0
-1091.0
-2397.0
-1249.0
-1007.0
-1105.0
-2869.0
-1248.0
-955.0
-1466.0
-1444.0
-1408.0
-1007.0
-982.0
-1091.0
-1588.0
-909.0
-975.0
-1272.0
-1711.0
-1951.0
-937.0
-1130.0
-1277.0
-1393.0
-1593.0
-2308.0
-1055.0
-1566.0
-4638.0
-1881.0
-1153.0
-1205.0
-1138.0
-963.0
-974.0
-1324.0
-1371.0
-1707.0
-1512.0
-967.0
-930.0
-1541.0
-1161.0
-1858.0
-922.0
-1147.0
-1270.0
-1641.0
-1147.0
-1358.0
-1215.0
-1983.0
-972.0
-974.0
-1036.0
-1926.0
-1118.0
-2141.0
-1010.0
-1512.0
-3119.0
-1219.0
-956.0
-1174.0
-1516.0
-1523.0
-947.0
-1215.0
-3313.0
-3077.0
-1909.0
-1099.0
-1429.0
-1590.0
-3290.0
-3620.0
-1075.0
-2149.0
-1455.0
-2933.0
-1239.0
-1325.0
-1134.0
-2553.0
-1066.0
-1693.0
-1544.0
-1416.0
-1289.0
-979.0
-2345.0
-1375.0
-1311.0
-2549.0
-887.0
-2356.0
-1246.0
-960.0
-1190.0
-1621.0
-1058.0
-2831.0
-1033.0
-947.0
-1037.0
-2300.0
-1524.0
-2539.0
-1402.0
-1795.0
-1259.0
-1774.0
-975.0
-1330.0
-1351.0
-1771.0
-996.0
-1268.0
-1979.0
-1600.0
-1367.0
-1067.0
-4436.0
-1271.0
-1332.0
-1575.0
-1149.0
-1930.0
-1462.0
-2382.0
-1876.0
-2048.0
-1175.0
-946.0
-959.0
-1236.0
-1297.0
-1128.0
-1195.0
-1428.0
-913.0
-1359.0
-1178.0
-923.0
-887.0
-1080.0
-1265.0
-941.0
-1157.0
-1609.0
-1123.0
-1563.0
-1032.0
-977.0
-1104.0
-2711.0
-1081.0
-1046.0
-1021.0
-1495.0
-1757.0
-944.0
-931.0
-1223.0
-1350.0
-878.0
-948.0
-1238.0
-1649.0
-1918.0
-980.0
-1062.0
-2043.0
-1278.0
-2505.0
-1237.0
-1167.0
-1614.0
-1293.0
-3226.0
-2796.0
-1474.0
-1909.0
-2918.0
-1434.0
-1480.0
-3065.0
-2631.0
-1025.0
-1022.0
-1525.0
-1891.0
-2185.0
-968.0
-881.0
-1070.0
-2323.0
-1332.0
-1401.0
-3723.0
-984.0
-1708.0
-1197.0
-2226.0
-2161.0
-3699.0
-3835.0
-1664.0
-1382.0
-2107.0
-2828.0
-1072.0
-1683.0
-3071.0
-2012.0
-2019.0
-2775.0
-1302.0
-1765.0
-2417.0
-1877.0
-2237.0
-2599.0
-4124.0
-3841.0
-2282.0
-3677.0
-3535.0
-1451.0
-2189.0
-1959.0
-1759.0
-1204.0
-2656.0
-2216.0
-2663.0
-2454.0
-3255.0
-2760.0
-2678.0
-1381.0
-2484.0
-2221.0
-2940.0
-1259.0
-1602.0
-2108.0
-2640.0
-2123.0
-3236.0
-1091.0
-1834.0
-1874.0
-1003.0
-1037.0
-3087.0
-1063.0
-917.0
-2016.0
-1578.0
-1916.0
-1481.0
-917.0
-3116.0
-1768.0
-2026.0
-1720.0
-1839.0
-1614.0
-2096.0
-1298.0
-1153.0
-1260.0
-1169.0
-1991.0
-2896.0
-3208.0
-1713.0
-1516.0
-1433.0
-1935.0
-1772.0
-1083.0
-988.0
-1024.0
-1299.0
-1594.0
-1147.0
-1054.0
-939.0
-914.0
-1301.0
-1401.0
-3303.0
-1281.0
-1097.0
-1195.0
-1004.0
-1080.0
-1430.0
-1139.0
-1603.0
-1116.0
-2306.0
-1103.0
-1939.0
-1084.0
-1294.0
-1405.0
-1474.0
-1016.0
-2920.0
-986.0
-1576.0
-1591.0
-906.0
-1258.0
-1282.0
-1873.0
-2240.0
-1092.0
-1106.0
-2482.0
-1295.0
-1481.0
-1318.0
-1474.0
-1724.0
-1309.0
-1655.0
-1652.0
-1251.0
-2461.0
-1258.0
-1157.0
-3298.0
-1315.0
-1357.0
-1039.0
-997.0
-992.0
-1594.0
-1752.0
-2268.0
-1617.0
-1108.0
-2162.0
-2241.0
-1361.0
-2374.0
-1070.0
-1650.0
-985.0
-975.0
-1521.0
-2186.0
-1466.0
-1756.0
-2014.0
-2005.0
-966.0
-1746.0
-1453.0
-1133.0
-1332.0
-1989.0
-1261.0
-1882.0
-2499.0
-1807.0
-983.0
-1155.0
-1448.0
-1284.0
-1418.0
-1460.0
-1088.0
-1462.0
-1392.0
-2031.0
-2114.0
-1281.0
-1367.0
-945.0
-988.0
-1368.0
-1754.0
-1146.0
-1054.0
-951.0
-923.0
-8828.0
-1282.0
-904.0
-880.0
-1440.0
-7857.0
-976.0
-1283.0
-1353.0
-1607.0
-1637.0
-1096.0
-994.0
-1036.0
-4887.0
-1056.0
-1717.0
-1012.0
-2200.0
-4818.0
-970.0
-947.0
-1378.0
-2446.0
-904.0
-931.0
-1346.0
-2631.0
-1914.0
-1206.0
-2087.0
-1719.0
-2946.0
-1355.0
-8365.0
-2377.0
-1971.0
-8851.0
-2300.0
-2078.0
-1290.0
-1677.0
-963.0
-2200.0
-1619.0
-2105.0
-1746.0
-2657.0
-1618.0
-2122.0
-9593.0
-1323.0
-1848.0
-2684.0
-1406.0
-1658.0
-1458.0
-1491.0
-2768.0
-1406.0
-2821.0
-1054.0
-995.0
-1692.0
-2114.0
-1751.0
-972.0
-2475.0
-1798.0
-958.0
-968.0
-938.0
-1445.0
-1351.0
-945.0
-7409.0
-1694.0
-9566.0
-1975.0
-979.0
-1097.0
-1354.0
-7148.0
-2694.0
-9933.0
-1383.0
-3272.0
-2369.0
-2900.0
-1134.0
-1265.0
-4149.0
-949.0
-3455.0
-1388.0
-2665.0
-2785.0
-2444.0
-3389.0
-2162.0
-4134.0
-2179.0
-3093.0
-3194.0
-1261.0
-3361.0
-1085.0
-3097.0
-2782.0
-1146.0
-2657.0
-1739.0
-2000.0
-4142.0
-3683.0
-3568.0
-2519.0
-1768.0
-4221.0
-3282.0
-5790.0
-1554.0
-1579.0
-2201.0
-1674.0
-2233.0
-1407.0
-2100.0
-2080.0
-987.0
-1414.0
-1920.0
-1909.0
-1351.0
-1386.0
-1139.0
-1581.0
-1294.0
-2639.0
-1819.0
-2745.0
-2172.0
-4298.0
-2782.0
-3669.0
-2723.0
-4402.0
-2248.0
-2176.0
-2380.0
-2500.0
-4425.0
-1181.0
-1697.0
-1896.0
-1200.0
-1434.0
-2159.0
-2038.0
-1091.0
-2707.0
-2064.0
-969.0
-1038.0
-2689.0
-2308.0
-2461.0
-2080.0
-1366.0
-1707.0
-1435.0
-927.0
-2665.0
-1400.0
-1744.0
-2067.0
-2186.0
-2319.0
-1801.0
-2447.0
-1499.0
-1348.0
-1414.0
-2350.0
-1402.0
-1100.0
-2564.0
-1342.0
-1520.0
-1422.0
-1597.0
-1111.0
-946.0
-973.0
-1325.0
-1324.0
-1026.0
-1088.0
-978.0
-912.0
-1545.0
-1515.0
-1365.0
-896.0
-1346.0
-1283.0
-1030.0
-1064.0
-1300.0
-1033.0
-1558.0
-577.0
-941.0
-1328.0
-1924.0
-1374.0
-1376.0
-969.0
-1678.0
-920.0
-1147.0
-1462.0
-1150.0
-2102.0
-877.0
-929.0
-1260.0
-5380.0
-1770.0
-952.0
-1533.0
-1901.0
-1187.0
-1290.0
-1293.0
-1075.0
-2024.0
-1455.0
-1744.0
-1092.0
-1381.0
-1159.0
-1391.0
-967.0
-1430.0
-1632.0
-1097.0
-1041.0
-1048.0
-917.0
-1352.0
-1285.0
-1186.0
-2437.0
-1825.0
-1362.0
-1345.0
-1083.0
-1687.0
-1513.0
-1811.0
-1130.0
-1500.0
-1100.0
-1904.0
-1262.0
-1010.0
-995.0
-2492.0
-1542.0
-996.0
-1132.0
-1190.0
-2046.0
-1315.0
-936.0
-1201.0
-1754.0
-1687.0
-944.0
-1057.0
-1669.0
-1212.0
-1528.0
-1268.0
-1157.0
-1597.0
-1432.0
-1684.0
-1106.0
-1765.0
-1132.0
-1062.0
-974.0
-1759.0
-1265.0
-1837.0
-1055.0
-996.0
-1206.0
-1671.0
-1844.0
-910.0
-950.0
-1067.0
-1282.0
-1509.0
-2813.0
-3425.0
-2462.0
-1643.0
-2041.0
-2585.0
-2993.0
-2627.0
-1488.0
-965.0
-2941.0
-1973.0
-2761.0
-913.0
-1427.0
-2508.0
-1780.0
-653.0
-2144.0
-1291.0
-1723.0
-2149.0
-963.0
-1533.0
-1339.0
-1890.0
-3243.0
-1169.0
-1325.0
-1671.0
-1426.0
-2451.0
-1478.0
-1220.0
-1151.0
-1046.0
-1665.0
-2759.0
-1663.0
-1932.0
-1692.0
-2791.0
-2181.0
-1407.0
-2040.0
-1470.0
-924.0
-1188.0
-1909.0
-1803.0
-1130.0
-2732.0
-5430.0
-1888.0
-1043.0
-1061.0
-1039.0
-5957.0
-2035.0
-974.0
-1050.0
-1752.0
-940.0
-1261.0
-942.0
-3977.0
-2031.0
-949.0
-1348.0
-2705.0
-1941.0
-4015.0
-750.0
-1116.0
-1345.0
-1714.0
-1341.0
-1380.0
-1968.0
-1599.0
-3370.0
-1745.0
-1168.0
-2373.0
-1051.0
-508.0
-1696.0
-1333.0
-2006.0
-1031.0
-1057.0
-981.0
-1380.0
-2208.0
-1160.0
-4462.0
-1010.0
-3320.0
-1250.0
-1990.0
-1139.0
-1709.0
-1046.0
-1657.0
-1012.0
-1033.0
-1056.0
-1854.0
-1083.0
-1055.0
-1831.0
-1635.0
-1779.0
-1638.0
-1338.0
-1126.0
-1544.0
-1274.0
-944.0
-1214.0
-1598.0
-1979.0
-1223.0
-1112.0
-1638.0
-1179.0
-1445.0
-1268.0
-1166.0
-7642.0
-2568.0
-1918.0
-2156.0
-1864.0
-1154.0
-1027.0
-992.0
-1277.0
-1433.0
-1549.0
-1075.0
-1001.0
-1060.0
-1292.0
-1611.0
-923.0
-1171.0
-1666.0
-1228.0
-1705.0
-2331.0
-1457.0
-1174.0
-1858.0
-2104.0
-2532.0
-1054.0
-2313.0
-1074.0
-1078.0
-981.0
-1445.0
-951.0
-1040.0
-1247.0
-1089.0
-1443.0
-926.0
-973.0
-1520.0
-1975.0
-2165.0
-977.0
-1103.0
-3562.0
-2754.0
-1434.0
-3240.0
-1160.0
-1668.0
-1489.0
-1690.0
-1071.0
-1387.0
-2732.0
-2435.0
-2696.0
-2356.0
-2613.0
-3008.0
-1827.0
-3214.0
-1707.0
-3203.0
-1414.0
-3958.0
-1076.0
-8754.0
-1198.0
-2252.0
-2042.0
-1440.0
-7863.0
-3165.0
-1338.0
-980.0
-3067.0
-2216.0
-1046.0
-985.0
-3362.0
-2248.0
-1371.0
-2076.0
-1238.0
-1203.0
-1700.0
-1008.0
-1620.0
-2065.0
-2390.0
-2031.0
-1104.0
-1296.0
-2117.0
-1415.0
-1463.0
-2070.0
-1439.0
-1745.0
-2122.0
-1991.0
-9119.0
-1268.0
-2745.0
-1815.0
-952.0
-1899.0
-1225.0
-1854.0
-1083.0
-928.0
-1622.0
-1513.0
-1298.0
-974.0
-1601.0
-1137.0
-1368.0
-1017.0
-1089.0
-1376.0
-1137.0
-1699.0
-1155.0
-1341.0
-1010.0
-1916.0
-1048.0
-1792.0
-977.0
-1274.0
-915.0
-1393.0
-975.0
-1280.0
-1317.0
-1227.0
-957.0
-1682.0
-1812.0
-1589.0
-1020.0
-1180.0
-1225.0
-1316.0
-1330.0
-1261.0
-1096.0
-2096.0
-1328.0
-1494.0
-1163.0
-1222.0
-1126.0
-938.0
-964.0
-1278.0
-2930.0
-1043.0
-1053.0
-1436.0
-932.0
-1612.0
-1668.0
-935.0
-1564.0
-1448.0
-1226.0
-1036.0
-1097.0
-1260.0
-1032.0
-2617.0
-1148.0
-1305.0
-1076.0
-2683.0
-1133.0
-930.0
-1782.0
-1460.0
-927.0
-1166.0
-1908.0
-1916.0
-1312.0
-1292.0
-910.0
-1214.0
-2065.0
-2027.0
-1635.0
-1243.0
-1335.0
-1215.0
-1591.0
-2864.0
-1090.0
-2381.0
-2020.0
-1801.0
-1574.0
-1445.0
-2481.0
-920.0
-1799.0
-2687.0
-1197.0
-1936.0
-1179.0
-2041.0
-935.0
-2784.0
-1202.0
-2497.0
-719.0
-1098.0
-2449.0
-966.0
-1070.0
-2387.0
-1141.0
-1617.0
-2090.0
-975.0
-2113.0
-1994.0
-1746.0
-949.0
-987.0
-1731.0
-2353.0
-1724.0
-1239.0
-1383.0
-1528.0
-994.0
-924.0
-1247.0
-1970.0
-1689.0
-996.0
-2440.0
-1397.0
-1823.0
-1284.0
-1367.0
-1057.0
-1492.0
-1442.0
-1719.0
-2406.0
-3026.0
-1557.0
-1260.0
-1145.0
-1359.0
-1804.0
-1127.0
-1010.0
-1148.0
-1577.0
-1310.0
-2303.0
-939.0
-1212.0
-8219.0
-1273.0
-968.0
-1467.0
-1583.0
-1138.0
-2231.0
-1385.0
-1984.0
-1709.0
-1853.0
-1045.0
-1340.0
-991.0
-1424.0
-1613.0
-953.0
-909.0
-1173.0
-1395.0
-1267.0
-1918.0
-1310.0
-2259.0
-1982.0
-1011.0
-1719.0
-1316.0
-1190.0
-1347.0
-1957.0
-1065.0
-1622.0
-1241.0
-2576.0
-2023.0
-1328.0
-1803.0
-909.0
-942.0
-1216.0
-2230.0
-2087.0
-1043.0
-1691.0
-1289.0
-1227.0
-1332.0
-914.0
-896.0
-1789.0
-1135.0
-2340.0
-1151.0
-1297.0
-1826.0
-1518.0
-2468.0
-2850.0
-3630.0
-1867.0
-1606.0
-950.0
-2371.0
-3901.0
-2113.0
-1797.0
-965.0
-9162.0
-1531.0
-2668.0
-1487.0
-1998.0
-2601.0
-1534.0
-953.0
-1071.0
-2868.0
-1234.0
-1264.0
-1473.0
-1435.0
-1329.0
-1534.0
-1532.0
-8139.0
-1221.0
-1165.0
-2428.0
-1013.0
-2557.0
-1856.0
-1768.0
-1035.0
-1324.0
-936.0
-1916.0
-1425.0
-1998.0
-1302.0
-1914.0
-1232.0
-1017.0
-1029.0
-1672.0
-1008.0
-2633.0
-2297.0
-1377.0
-1032.0
-1784.0
-1474.0
-935.0
-1008.0
-1382.0
-938.0
-1773.0
-997.0
-3479.0
-1591.0
-2056.0
-1968.0
-1277.0
-2213.0
-2528.0
-1417.0
-1142.0
-2332.0
-2965.0
-3339.0
-2399.0
-3239.0
-3948.0
-4041.0
-3217.0
-1266.0
-1823.0
-2166.0
-2001.0
-2371.0
-3763.0
-2746.0
-2348.0
-1070.0
-3235.0
-1847.0
-2541.0
-1189.0
-2565.0
-973.0
-1547.0
-1226.0
-942.0
-1454.0
-1829.0
-1390.0
-1500.0
-1403.0
-980.0
-1036.0
-1729.0
-1066.0
-975.0
-972.0
-1495.0
-954.0
-914.0
-952.0
-2614.0
-1413.0
-888.0
-938.0
-1688.0
-1435.0
-1773.0
-1007.0
-2781.0
-2627.0
-2228.0
-1718.0
-1262.0
-2075.0
-1569.0
-1153.0
-1585.0
-1035.0
-2571.0
-1108.0
-925.0
-941.0
-2469.0
-1219.0
-1078.0
-1771.0
-971.0
-2151.0
-1383.0
-1758.0
-2887.0
-896.0
-2233.0
-1158.0
-983.0
-1110.0
-2141.0
-4096.0
-2004.0
-981.0
-978.0
-1090.0
-1874.0
-2363.0
-2707.0
-979.0
-1486.0
-957.0
-987.0
-3652.0
-1146.0
-1324.0
-1646.0
-2780.0
-2528.0
-1696.0
-2938.0
-3510.0
-3495.0
-2640.0
-1714.0
-2038.0
-2006.0
-2909.0
-1907.0
-2197.0
-2556.0
-3686.0
-3763.0
-1511.0
-1865.0
-1545.0
-1498.0
-2671.0
-1851.0
-3291.0
-1938.0
-1025.0
-1674.0
-3745.0
-996.0
-900.0
-1954.0
-1545.0
-952.0
-2390.0
-1336.0
-2134.0
-2238.0
-1131.0
-991.0
-1414.0
-1938.0
-1017.0
-2259.0
-1006.0
-2546.0
-1035.0
-1983.0
-905.0
-2171.0
-2477.0
-925.0
-1307.0
-1386.0
-3654.0
-1916.0
-2300.0
-1769.0
-3698.0
-1175.0
-1419.0
-1499.0
-1142.0
-1965.0
-1363.0
-2308.0
-1983.0
-1938.0
-1178.0
-972.0
-1051.0
-1399.0
-1288.0
-1163.0
-1703.0
-1376.0
-2109.0
-3095.0
-1102.0
-968.0
-897.0
-1304.0
-1182.0
-1758.0
-1067.0
-3031.0
-1072.0
-1464.0
-958.0
-952.0
-1496.0
-1806.0
-1038.0
-1113.0
-999.0
-2815.0
-2661.0
-962.0
-1404.0
-1068.0
-1673.0
-2037.0
-2598.0
-1266.0
-2825.0
-2288.0
-951.0
-1095.0
-1550.0
-1148.0
-2647.0
-3545.0
-1329.0
-1989.0
-1314.0
-3060.0
-1361.0
-1653.0
-1501.0
-2570.0
-1891.0
-1246.0
-2228.0
-1017.0
-1080.0
-5341.0
-907.0
-1248.0
-2248.0
-895.0
-889.0
-1456.0
-1217.0
-951.0
-1265.0
