-18068.700000000004
-16868.7
-16905.799999999996
-12015.9
-18434.09999999999
-14438.200000000004
-18273.600000000002
-15475.699999999995
-12834.100000000002
-12745.7
-22591.199999999997
-17756.500000000004
-18090.699999999997
-14198.100000000004
-12113.8
-17740.8
-11242.200000000004
-13568.399999999998
-20273.000000000004
-24400.200000000004
-20055.600000000002
-12223.099999999997
-12935.799999999996
-18469.299999999996
-16527.5
-20420.4
-21392.39999999999
-16426.5
-15569.199999999993
-17681.09999999999
-17010.1
-11061.199999999992
-15824.300000000001
-16647.9
-16671.299999999996
-15855.799999999994
-14433.4
-15040.399999999998
-14266.099999999999
-10279.800000000001
-14191.100000000002
-12155.599999999999
-15800.900000000007
-11886.300000000005
-11885.2
-12770.5
-14518.099999999997
-13634.5
-16258.399999999994
-7744.0
-14447.7
-10436.400000000001
-15167.400000000001
-12747.8
-10107.0
-11039.300000000001
-16744.1
-12746.399999999998
-17417.8
-14646.300000000001
-15466.900000000001
-14614.8
-11430.200000000004
-8592.6
-14312.200000000006
-14923.700000000003
-11064.099999999999
-12310.799999999996
-10399.2
-14939.8
-21646.800000000003
-8965.399999999996
-12373.099999999993
-14663.8
-16743.1
-15717.400000000003
-13780.0
-11949.1
-19884.100000000006
-9761.200000000004
-15943.399999999992
-9752.700000000003
-8732.800000000005
-13781.200000000006
-9319.200000000004
-10961.000000000002
-9786.3
-17301.8
-9779.7
-7151.400000000002
-10980.9
-8536.7
-15256.099999999999
-9857.700000000006
-10046.000000000002
-8304.499999999998
-5615.800000000004
-18967.8
-11566.9
-14485.6
-9464.899999999998
-10784.599999999999
-13602.900000000003
-8978.000000000004
-6121.7
-14676.599999999997
-13580.999999999998
-15540.0
-7699.0999999999985
-12511.200000000003
-15970.0
-7010.0
-6635.700000000001
-10620.900000000005
-9121.300000000005
-16812.099999999995
-6449.7
-10615.500000000002
-10199.799999999997
-19383.399999999987
-11874.800000000001
-7382.300000000006
-12602.800000000003
-9160.800000000003
-9399.9
-10733.5
-16302.199999999995
-10538.6
-6941.9000000000015
-17847.599999999995
-8399.7
-8397.800000000005
-11030.099999999999
-12869.199999999997
-7401.399999999998
-10839.9
-22647.999999999993
-11304.2
-8107.400000000003
-11351.2
-8677.100000000002
-12627.700000000003
-13219.400000000007
-10966.3
-6413.0
-8335.7
-9468.200000000003
-12576.900000000001
-12966.800000000005
-11392.399999999998
-7640.300000000002
-7356.300000000001
-15082.2
-7874.000000000001
-8834.900000000001
-12080.099999999999
-11741.1
-13228.499999999998
-11837.400000000003
-8238.799999999997
-15399.099999999999
-7213.5
-12493.999999999998
-11495.699999999999
-7779.2
-13321.599999999999
-8796.4
-13245.8
-8298.5
-18316.399999999994
-15582.199999999999
-8254.199999999999
-6755.699999999999
-13034.699999999999
-10864.700000000004
-5537.2
-13220.599999999999
-11730.000000000004
-8302.6
-14047.099999999999
-8406.000000000004
-7036.9
-6809.9000000000015
-9039.9
-8718.5
-11428.499999999996
-11687.000000000005
-7275.200000000006
-5643.8
-8283.699999999997
-5530.699999999999
-8675.400000000001
-7821.900000000003
-10262.900000000001
-6522.300000000001
-5888.9000000000015
-5211.099999999999
-7999.2
-5909.4
-8518.100000000004
-7904.799999999999
-6174.100000000001
-8802.699999999997
-5993.800000000002
-6588.400000000001
-7335.3
-7048.800000000002
-8056.1
-4729.700000000001
-5908.000000000002
-8448.099999999999
-6218.600000000001
-7867.299999999999
-7855.799999999999
-8347.199999999999
-7726.000000000001
-8088.799999999999
-9342.400000000001
-10108.099999999999
-7599.900000000004
-8814.3
-9517.100000000002
-5558.499999999999
-9072.300000000005
-8527.3
-7920.499999999999
-7057.799999999999
-7890.1
-11865.8
-5549.900000000001
-13903.999999999996
-10997.400000000003
-6180.599999999999
-8109.299999999999
-7236.5999999999985
-7611.799999999998
-6995.0999999999985
-8270.5
-5470.399999999999
-6086.999999999998
-6275.900000000001
-6187.1
-8732.0
-6744.600000000002
-7166.499999999999
-5971.3
-8160.399999999999
-5785.199999999998
-4916.000000000001
-6478.200000000001
-8868.399999999998
-8422.0
-12803.300000000003
-6853.000000000001
-6625.300000000001
-8488.5
-10265.599999999999
-6016.300000000001
-3308.8000000000015
-5979.6
-10527.399999999998
-7222.7
-6529.599999999997
-9264.5
-7632.700000000001
-9529.599999999999
-7443.6
-5717.499999999999
-9181.199999999993
-10129.1
-10484.199999999999
-6920.6
-3659.7999999999997
-7290.800000000003
-7900.399999999993
-10238.799999999997
-6836.3
-6638.699999999999
-10521.500000000004
-6341.400000000002
-9414.0
-8613.099999999999
-8306.5
-5780.599999999999
-6895.299999999997
-4617.0999999999985
-7850.0
-7307.500000000001
-9545.000000000002
-6931.299999999999
-4912.999999999999
-5827.299999999999
-5769.800000000001
-6428.199999999998
-4224.299999999999
-5745.9
-6403.700000000002
-8507.400000000001
-5956.4
-8819.3
-9586.099999999999
-6871.499999999998
-8111.300000000002
-6137.499999999998
-6147.500000000002
-9302.199999999995
-11242.200000000003
-5809.199999999997
-8703.699999999997
-7077.4
-4166.0
-12406.1
-5672.000000000001
-3913.199999999999
-7723.199999999999
-7253.200000000003
-6006.400000000001
-6358.0
-5184.100000000001
-6570.300000000002
-8776.400000000001
-7214.2
-6568.2
-6408.9
-5884.5
-11546.400000000001
-6896.300000000001
-9254.9
-10261.299999999997
-9212.0
-9735.499999999998
-9645.9
-8820.300000000001
-7082.200000000002
-2906.0000000000005
-4565.699999999999
-3452.1000000000004
-7755.200000000002
-8799.100000000002
-9464.900000000003
-8059.600000000001
-4728.3
-4908.4
-5007.7
-4760.700000000001
-5087.599999999997
-6958.799999999997
-5849.899999999999
-2012.2999999999988
-6502.299999999999
-6407.499999999999
-5328.200000000001
-8359.299999999997
-6605.799999999999
-5744.5
-4696.200000000002
-6971.399999999999
-5096.900000000001
-1463.1
-6432.700000000002
-8752.999999999998
-8657.099999999995
-4673.9
-3658.1
-6911.799999999999
-8341.9
-9098.9
-9105.899999999996
-4830.299999999999
-8331.9
-6740.299999999998
-5977.800000000002
-3444.7000000000007
-4195.700000000001
-6934.500000000001
-7169.099999999999
-7410.200000000001
-5007.099999999999
-10805.900000000001
-5784.699999999998
-6612.0999999999985
-4204.600000000001
-2238.0999999999995
-4622.900000000001
-2818.100000000001
-4850.599999999999
-7271.799999999999
-8639.899999999998
-7474.199999999999
-2259.7000000000003
-7587.900000000001
-6586.400000000001
-5788.2
-6216.799999999997
-4897.000000000001
-2789.799999999999
-5353.5
-4388.100000000001
-5885.399999999999
-1962.300000000002
-3139.8000000000006
-2699.8
-4555.4
-3115.5000000000005
-147.99999999999835
-4498.099999999999
-4962.600000000001
-1781.8000000000002
-985.099999999998
-3081.5000000000005
-2456.399999999999
-2025.4000000000003
-2250.9
-3906.700000000001
-3426.699999999999
-5403.600000000001
-3840.3999999999983
-3731.699999999998
-3086.1000000000004
-2524.5
-3670.1
-3483.499999999999
-5128.3
-3021.0
-2563.7000000000007
-5632.100000000001
-965.2000000000003
-4983.600000000001
-3713.3000000000006
-5391.200000000002
-5024.599999999998
-5273.799999999999
-3270.0999999999995
-1946.9999999999993
-1756.3000000000009
-922.999999999999
-4869.9
-6334.099999999999
-3583.7000000000003
2109.9
-5229.300000000001
-2560.2999999999997
-4269.4
896.5000000000015
-3007.1000000000004
-3609.000000000002
-5160.500000000004
-3127.0
-3480.900000000001
-4309.899999999999
-4435.7
-4977.5999999999985
-3645.4999999999995
-6913.299999999999
-3114.6999999999994
-5832.900000000001
-5881.700000000003
-4404.499999999999
-1396.7000000000005
-5591.899999999997
-5065.399999999998
-6074.499999999999
-4405.700000000001
-2735.7
-5600.699999999997
-2011.6000000000004
-2736.2000000000003
-4779.900000000001
-2352.400000000002
-5389.300000000002
-4869.000000000001
-4216.999999999999
-1023.2000000000019
-4379.0
-5634.699999999999
-3957.0000000000005
-621.1000000000003
-4730.900000000001
-6225.900000000001
-6494.499999999999
-3414.6000000000013
-2551.4000000000005
-6007.5
-1887.2000000000014
-1063.9000000000005
2326.4000000000015
-2356.9999999999995
-2733.3
-2899.0
-2793.0000000000005
-931.1000000000013
-2670.8
-4306.700000000001
-3493.5000000000005
-1960.6999999999991
-2743.6000000000017
-2643.1999999999985
-3261.7999999999993
-3096.199999999999
-1507.4000000000012
-4932.300000000001
322.999999999999
-2574.9999999999995
-2880.199999999999
-3528.6999999999994
-3051.1999999999994
-4150.800000000001
-1999.400000000002
-663.6999999999994
-740.0000000000009
-4434.5
-4259.499999999999
-3650.800000000001
-1484.5999999999988
-2658.899999999999
-3943.5000000000014
865.200000000001
625.9000000000008
-3616.1000000000013
-2872.8000000000006
-3208.300000000001
-4537.100000000001
-3290.0000000000005
-1994.5999999999997
-1961.8000000000002
-5335.600000000001
-2475.3999999999996
-4371.799999999998
-5074.5
-2994.2000000000007
-6870.7
-2510.3
-1585.5999999999997
-2482.1
-1710.8000000000002
-2733.0999999999995
-3232.600000000001
-3080.899999999999
-3465.2000000000003
696.8999999999992
-3591.7999999999993
-464.4000000000001
-4211.0
3141.8000000000006
2913.2000000000003
-6103.800000000001
-2747.500000000001
-2906.2000000000003
-1609.1000000000004
-3965.100000000002
-4008.7000000000003
-3969.2999999999997
-4033.400000000001
-4821.100000000001
-2915.2
-5141.7
-8288.300000000003
-1833.7999999999986
-3964.0000000000005
-4578.8
-5451.3
118.09999999999957
-3359.9000000000005
-2390.1999999999975
159.00000000000063
-4760.200000000001
-4092.1000000000004
-4589.399999999998
-1380.3999999999992
-2123.7
-6212.799999999999
-2123.9999999999986
-951.8
-3893.7
-1677.3000000000002
-840.7999999999995
-1978.1000000000004
-4555.5999999999985
-4124.100000000001
-3911.500000000001
-3969.5999999999995
-1414.8999999999976
-1656.8
-1392.8999999999994
-1669.1000000000004
-3263.900000000001
-2409.4000000000005
-4882.799999999999
-2493.0000000000005
-914.3000000000009
-4116.999999999998
695.8000000000022
-3839.5000000000005
-404.40000000000106
-3456.300000000002
-1694.9000000000005
-5016.5
1018.5999999999999
-773.1999999999998
699.8000000000001
-4703.5
-2047.699999999999
-1422.800000000001
-1669.700000000001
1220.800000000002
-2125.2000000000007
-3061.0
-745.5000000000005
-2227.7000000000016
1841.999999999999
-3581.100000000002
898.899999999999
-5465.299999999998
1761.700000000001
-2765.2999999999993
-3587.4000000000015
1772.2000000000003
-2734.2000000000007
-6582.600000000001
-3863.7000000000003
-5351.9
-675.700000000001
-2799.2000000000016
-2292.8000000000006
-4869.7
-195.100000000001
-633.5999999999999
-1135.2
-5327.8
1877.6
-7865.999999999999
-3649.5000000000005
-1792.800000000001
-2432.300000000001
-2262.6000000000013
-4076.9000000000005
-5132.4000000000015
-4446.400000000001
-2425.800000000001
-255.09999999999943
-2907.999999999999
-1820.999999999999
-4038.899999999999
-2654.2999999999997
-1748.399999999999
-3056.6999999999975
-1839.3000000000009
-4531.900000000001
-3141.1
-2657.2
-3322.8999999999987
-1702.4
-3230.4000000000005
-2349.100000000001
-1394.9999999999998
-2396.4999999999986
-3616.499999999999
-3078.3999999999996
1207.899999999999
-3118.7000000000007
-1901.3999999999996
-4153.699999999999
-1195.6000000000017
-1197.8999999999992
-4750.799999999999
-3260.8
-170.60000000000196
-1079.8000000000006
-2786.3000000000006
-3555.900000000002
-4799.300000000002
4425.600000000001
-1944.5999999999995
-1963.8999999999994
-3980.999999999999
-3314.1000000000017
-4216.300000000003
-1500.1000000000006
-2332.6999999999994
-3541.6
-1599.8000000000002
-4862.4000000000015
-2868.8999999999996
-3101.200000000002
-4086.100000000001
-1331.6999999999996
-1708.0999999999992
-4933.099999999999
-1697.599999999999
-4205.199999999998
-3388.500000000001
-405.69999999999766
-3539.3000000000006
-2297.2000000000003
-1802.5000000000032
-1368.6000000000017
2702.0
-2371.600000000002
-1064.5
3885.600000000002
-2431.299999999999
533.4000000000001
-3986.2000000000003
-2708.8
-2237.1000000000017
-3404.4
-5716.099999999998
596.9999999999992
2464.600000000003
-1075.9999999999995
-210.70000000000053
-2570.2999999999993
-556.5999999999999
-1523.9000000000015
-2543.600000000001
-3225.4999999999995
547.9000000000024
1219.5999999999988
-451.7000000000005
-4706.7
-2069.2
-3240.4000000000046
-1247.9999999999993
-1700.1000000000001
-1941.4999999999998
-1546.9
-1585.9999999999989
-789.9000000000012
-1667.7000000000003
-767.9000000000004
-1638.300000000001
-1117.8999999999992
557.7000000000003
-1891.9000000000008
-880.8
608.5000000000016
-988.9000000000003
-836.2000000000004
966.8999999999988
1113.2999999999997
-1512.2000000000012
-396.80000000000155
-2899.2
-786.1000000000003
-1038.6999999999998
-676.299999999999
3070.7999999999997
-813.5999999999996
-2477.000000000001
-2062.0999999999995
-2154.600000000002
-1659.2000000000016
276.0999999999997
-3303.1
-817.4000000000003
-844.5999999999988
-3528.1999999999994
-1677.6
-1541.7000000000025
-77.39999999999878
-2112.8
-1696.6999999999998
372.6000000000008
-126.7999999999995
-2133.6000000000004
-2567.6
-2093.8000000000006
-1930.5000000000005
1080.0
-1839.3999999999999
-867.8
3598.3
792.2
-1185.5000000000002
-2635.1000000000013
-1280.8999999999996
-982.3000000000001
-2558.9
-2946.6
-304.99999999999955
-2789.4
-1657.6000000000006
1822.0000000000011
510.49999999999955
180.5000000000017
-2226.900000000002
216.79999999999836
-3254.5000000000005
320.9999999999992
971.3999999999978
-867.1000000000007
332.2999999999995
-820.7999999999995
4299.8
2934.3
1780.1999999999996
-470.50000000000097
-992.8999999999999
-1986.2999999999993
-1579.000000000001
-3375.7000000000007
-2112.4000000000024
-552.9999999999998
314.8999999999993
2615.7000000000016
626.1999999999996
-1888.5
446.1999999999996
-371.30000000000115
-2748.2999999999965
-5506.400000000001
-2611.9
16.5
-436.9
-2132.1999999999994
2098.999999999999
-1176.4999999999993
-187.49999999999923
1340.3000000000009
-1677.2000000000003
-1832.7999999999997
1986.300000000003
777.9000000000001
-1603.3000000000002
915.0999999999991
-1184.0000000000002
-2585.6000000000013
-2815.7000000000003
-5691.999999999997
-412.7999999999994
-3677.7999999999997
-1370.7000000000003
-972.5000000000016
692.8000000000018
237.00000000000233
450.60000000000036
-1657.9000000000005
-2161.7999999999997
-3336.8000000000006
1449.7999999999986
487.80000000000155
-633.7999999999976
-4250.9
-747.3999999999996
1821.0000000000005
3421.4999999999986
2826.9000000000015
-1317.8000000000002
-399.79999999999893
-2938.1
-2194.1999999999994
-2842.8
-2756.499999999999
-229.5000000000021
-356.8000000000022
1217.3999999999999
-2597.0000000000005
-1190.0000000000014
3256.4
-3567.5999999999995
-2898.700000000001
559.1999999999978
-3082.8
2916.099999999998
-4638.7
-391.0000000000009
-2057.8999999999996
-1415.3000000000004
-679.0000000000003
-2158.3000000000006
-2159.3
-2430.3999999999987
-2654.400000000002
-2630.0999999999995
-2808.3
-4214.699999999997
-2205.5000000000005
-1060.7999999999988
-3722.7
-646.0000000000002
-789.0
-6615.499999999999
368.69999999999936
-2477.7
-2211.400000000001
-2228.2
430.8000000000008
-1529.5999999999997
-168.90000000000043
3191.499999999998
669.1999999999998
-283.3000000000004
-311.60000000000036
-1037.7
-2136.4999999999973
-1503.9999999999986
-325.5999999999995
279.80000000000115
-2345.7000000000007
2085.699999999999
-3627.000000000001
-1677.200000000001
-1527.5999999999988
-2380.9999999999995
3449.9
-1996.1
-1959.299999999999
416.99999999999983
3284.5000000000014
-1025.9000000000008
-1040.3000000000004
-47.60000000000184
987.0999999999995
-357.5
-1634.0999999999992
-1646.9999999999993
3799.200000000001
380.4999999999999
-1319.4000000000005
-1050.1999999999994
-4882.499999999999
4157.299999999999
-753.4999999999993
1.9999999999993179
-1022.8999999999997
-3530.0
-364.3999999999988
-1476.6000000000001
-853.299999999999
-1939.6999999999998
-2299.5999999999995
-1120.6
1795.000000000001
-391.7000000000012
-744.7999999999982
134.0999999999982
355.69999999999845
-1266.5000000000005
-524.899999999999
2229.1000000000017
-2103.3999999999996
1830.8999999999996
-923.1000000000007
186.2000000000004
-1977.6999999999994
-31.699999999998454
-1311.7000000000007
-523.8999999999999
409.8000000000018
-284.6000000000016
-2663.3999999999996
-811.2000000000013
-1752.7000000000003
-837.0000000000011
-5152.500000000003
-314.89999999999856
-1026.2000000000005
1277.5999999999997
3819.4000000000033
-44.499999999999034
-1611.1
-482.8000000000012
374.7999999999992
2675.5999999999985
-611.8000000000008
1374.3999999999992
3658.2999999999993
2024.6
-1384.2999999999995
-1643.8000000000002
-2903.1999999999994
2152.3
-599.0999999999998
-1435.2000000000003
-1905.8000000000022
-2332.8
-161.59999999999863
-2671.9000000000005
-2753.5999999999995
-757.9999999999993
-3723.600000000001
-428.00000000000017
-2078.2999999999984
1840.7999999999993
-1316.6999999999987
-609.3000000000001
348.8000000000003
-3252.0999999999995
-1675.3
395.0999999999999
-2116.300000000001
-1056.699999999998
-866.0000000000009
-2780.1000000000004
-2219.6999999999994
-619.3999999999992
-708.9999999999974
-680.0999999999995
-2355.599999999999
-1873.4000000000017
-2270.6
-3824.600000000003
-1096.100000000001
-35.60000000000373
2170.800000000002
-2410.6000000000004
-2131.099999999999
-1414.3999999999996
1310.7999999999981
887.399999999999
-290.8999999999989
391.10000000000235
-610.4000000000004
1784.7999999999972
-1237.1000000000015
-1644.2
364.4000000000019
2398.0999999999995
-143.50000000000065
-556.7000000000007
-4116.799999999999
1675.4000000000003
-1913.5999999999972
-675.5999999999993
-1837.8000000000004
-1133.8999999999999
-229.10000000000008
-1468.7000000000014
-2955.5
-1503.7999999999995
-2073.0000000000014
-4167.999999999999
-2201.8
966.1000000000004
1217.1000000000001
-459.8000000000003
-1348.7999999999997
-1252.999999999999
1274.7999999999997
-1172.0999999999995
-1674.400000000001
3653.9000000000024
-3506.3
-1996.9999999999995
-68.79999999999927
3187.6999999999994
421.2999999999988
858.1000000000009
2140.6000000000017
-2150.8999999999996
-1577.9999999999998
-2792.300000000001
-1398.1999999999994
-2135.500000000001
-1216.4000000000042
-1850.6000000000004
-3077.6999999999994
2073.3000000000015
637.299999999999
-1127.500000000001
-565.6000000000014
-815.300000000001
-1619.9000000000003
-3332.6000000000013
302.5999999999989
-1617.9999999999998
-929.2999999999985
-2329.5999999999995
1690.2999999999984
-1310.8999999999994
-2531.2999999999993
-1755.000000000002
1772.499999999997
-1069.0
-3378.6
-1758.2999999999995
-1090.7
-2300.5
-3477.6000000000004
-576.3000000000014
-4985.900000000001
-1234.6999999999994
-1.700000000000955
-355.5999999999992
-1643.9999999999982
-371.39999999999833
-457.70000000000056
-3250.7999999999993
-1048.4000000000003
-578.1
-1288.399999999999
-1528.800000000001
-360.19999999999874
887.2000000000014
2766.400000000001
-709.8000000000011
-1876.7
-590.2999999999992
-1410.9000000000015
-1083.3999999999994
-2655.0999999999995
-422.90000000000225
-1053.4999999999989
2287.4000000000024
-1176.099999999998
21.600000000000655
-2900.0
-655.8999999999992
-474.59999999999854
-1758.2999999999988
-1702.2000000000007
-1499.8
-2257.700000000002
-427.1000000000021
-3478.0000000000005
-1468.8000000000004
-1040.3000000000004
-4624.4000000000015
-966.9999999999998
-1383.9
-3568.5
-1833.1999999999987
-1638.7000000000016
-3218.9
-941.2
-2322.5999999999995
-1869.6999999999994
-4733.7
-1537.0999999999995
-1887.100000000001
-2412.7
-2547.3000000000015
-1576.9999999999977
-3221.4000000000015
-2545.7999999999997
-752.0000000000006
-1021.8000000000006
-3774.0000000000005
1020.9000000000008
-818.0999999999979
-2025.1000000000017
1253.2999999999993
-3094.0
-722.9000000000003
82.39999999999895
-883.099999999999
622.9999999999999
26.999999999999233
-278.79999999999876
-871.4000000000001
-1478.9999999999993
-1027.1000000000022
-1191.8999999999994
-3237.399999999996
914.9000000000004
-2493.6000000000004
-734.1999999999994
492.29999999999916
4518.800000000001
-37.799999999999585
342.9000000000026
2137.3999999999996
3171.699999999999
2548.2000000000016
127.19999999999845
-1186.6000000000004
516.3000000000004
728.1000000000017
-247.20000000000167
-97.29999999999973
-460.2000000000003
2743.7999999999975
1029.6000000000013
983.0999999999999
-202.90000000000032
-3213.699999999999
141.59999999999894
21.899999999998954
-82.60000000000053
-1873.9999999999984
-1862.3999999999996
-31.700000000000728
-145.99999999999673
349.4999999999999
112.89999999999895
-721.7000000000003
1145.099999999999
-401.10000000000014
-880.0000000000005
737.9000000000005
-1250.3000000000015
134.00000000000227
-1360.5000000000011
843.6999999999994
1160.5
2139.999999999999
-979.7999999999989
533.500000000001
-3421.399999999999
-425.39999999999907
-187.29999999999922
-1907.8999999999994
1445.200000000001
-324.8000000000018
-453.7000000000016
-12.600000000000875
-1699.9000000000005
-482.09999999999957
-330.099999999996
-1246.4000000000012
250.70000000000005
453.7000000000045
-1135.6999999999987
-845.3
1.1000000000005734
-650.6999999999989
-2020.4999999999986
254.7999999999974
-3244.1
-965.4999999999985
-3669.699999999999
-1540.9000000000015
1943.2000000000003
2083.0000000000014
-1565.4999999999998
-1872.1999999999991
-955.4000000000003
-1216.1999999999996
-1896.1999999999996
-3598.699999999999
-2613.6999999999994
-617.3000000000009
790.4999999999995
454.3000000000002
1791.9
2289.9000000000015
-317.8000000000002
-2198.7000000000007
-325.49999999999955
-322.2999999999988
-10.600000000000364
3143.0999999999995
-1728.8999999999994
-415.40000000000055
1779.9999999999989
-955.8999999999987
1368.8000000000002
605.2000000000003
2259.000000000001
2001.200000000002
-2964.500000000002
-2520.599999999999
-3586.5
-81.69999999999845
1908.1
-1046.6999999999998
-2298.2000000000003
2185.900000000001
1737.0000000000014
-653.5000000000007
-729.8000000000008
-2452.8999999999996
-1092.3999999999976
1590.3999999999985
-930.1000000000008
2446.9000000000005
-1117.4999999999984
423.0
-84.99999999999955
-1860.2000000000007
-2533.399999999999
-825.1000000000001
430.30000000000234
-1702.3999999999992
-1890.1999999999998
-2869.300000000001
-69.30000000000018
-866.5999999999992
-2209.9000000000005
-713.4999999999995
-931.0000000000018
-1405.8000000000004
1948.400000000001
-2575.2999999999993
2241.9999999999995
1877.1999999999978
-2305.6
-2393.900000000001
-2415.9000000000005
1968.7000000000007
-3028.5
2789.7999999999965
-1502.8999999999999
3312.800000000002
-1382.8
-191.70000000000073
226.6000000000015
35.40000000000009
-1765.8000000000004
483.00000000000045
-1105.1999999999987
238.10000000000173
-1234.5
-1024.7999999999988
3538.5999999999985
2565.999999999999
-1983.4000000000008
71.29999999999973
1935.6999999999996
-661.0999999999981
-775.5000000000014
-670.1000000000006
-106.90000000000055
-202.09999999999945
-1764.6
-753.7000000000003
800.2999999999979
-2103.2
958.4999999999995
-1068.1000000000004
-1067.9000000000008
1838.7000000000012
-555.3999999999992
2439.6
-1645.6999999999998
-1918.6
-624.1999999999998
-668.4999999999995
-303.40000000000236
-562.3999999999992
-3714.500000000001
-2434.5000000000005
2676.9
2325.0999999999995
1071.1
439.59999999999764
-636.4999999999986
-2089.6000000000004
-126.0
1665.699999999997
-1071.199999999999
3940.200000000001
-1764.4
1948.4000000000015
-417.4999999999991
-1184.8000000000025
-863.9000000000005
-1325.3000000000015
-1601.5
114.10000000000082
389.199999999998
-1544.199999999999
-468.2000000000007
186.00000000000182
-146.20000000000073
-2701.3
-277.7999999999993
752.9000000000019
700.8999999999987
-99.19999999999891
879.599999999999
986.7999999999988
3018.000000000002
3983.599999999997
-1209.6999999999987
831.0
1575.8000000000002
552.700000000003
765.2999999999993
578.1000000000004
-269.9999999999998
3999.999999999998
1030.1000000000013
260.9999999999993
433.10000000000036
-164.39999999999827
-972.7999999999997
181.19999999999982
199.70000000000027
186.900000000001
685.5999999999972
278.6000000000008
337.80000000000064
463.19999999999936
830.0
3115.0000000000005
94.90000000000009
-413.10000000000036
141.30000000000018
374.9999999999991
2235.7
495.0999999999999
-572.3
684.0999999999985
1914.0999999999995
4062.2
858.3999999999987
-102.70000000000073
91.599999999999
-269.09999999999945
423.7999999999993
-1539.7000000000007
3135.600000000001
459.10000000000264
3745.2000000000007
-1608.0000000000007
-374.99999999999955
635.6999999999998
2827.9000000000005
-198.29999999999785
261.6999999999989
-28.200000000000728
300.5000000000009
3751.8000000000015
3024.200000000003
-420.5999999999999
-195.60000000000173
-205.10000000000022
138.30000000000064
-1766.5999999999995
-24.000000000000227
2748.2999999999975
478.30000000000064
2105.999999999999
-390.7000000000005
1849.0000000000007
180.1000000000006
227.8999999999994
-620.6000000000001
886.1999999999994
49.89999999999981
321.70000000000005
600.7000000000007
992.400000000001
1468.9000000000005
3735.899999999998
-732.1000000000015
-559.5
773.8000000000011
771.5000000000022
2916.1000000000013
4251.0999999999985
647.4000000000004
-135.8
4638.2
-485.90000000000083
30.299999999999656
3328.0000000000005
-546.1000000000008
391.90000000000026
1795.099999999998
-297.0000000000004
-2342.699999999998
-347.29999999999717
4922.999999999999
-108.60000000000032
1823.2
-2121.0999999999985
5255.8
2173.3999999999983
2462.6000000000004
22.2999999999997
4534.3
5237.400000000001
1592.399999999999
117.80000000000018
-340.69999999999726
3472.300000000001
-262.1000000000005
-800.5999999999999
-1562.1999999999982
116.40000000000072
93.09999999999951
-357.40000000000134
487.9999999999987
-292.80000000000007
-1001.8
1532.600000000001
-1636.1999999999998
3345.8999999999996
323.199999999999
532.6999999999986
-2082.0000000000005
605.6999999999994
3654.599999999998
-1257.100000000002
-2678.8
-3976.4
-3528.300000000001
1343.0000000000002
2620.399999999999
1164.700000000002
-1234.5000000000034
913.4999999999994
2074.3999999999996
3597.200000000002
1353.8999999999994
704.0
680.3000000000013
-615.6999999999994
-291.5999999999997
-270.80000000000007
-2429.800000000001
61.89999999999952
249.1000000000007
-31.300000000000324
516.600000000001
697.6000000000012
4882.0
1908.0000000000002
-545.7000000000002
-906.9999999999998
269.69999999999993
2756.3999999999996
-662.5000000000009
351.5999999999989
569.4999999999997
-217.40000000000225
-854.0000000000008
-267.40000000000225
-355.7000000000014
572.0000000000018
1424.400000000001
572.3999999999994
1607.3999999999992
1746.8999999999996
243.4000000000007
-550.400000000001
-640.1000000000004
1382.0
21.8000000000022
-416.2999999999993
764.2
1132.4000000000008
1480.6000000000004
309.50000000000114
764.199999999998
407.0
1516.8000000000013
1128.1999999999998
3469.2
4871.2
217.19999999999982
967.6000000000015
1325.8000000000002
18.8000000000023
661.6999999999998
875.9999999999994
-911.9000000000005
4233.299999999999
146.50000000000136
1122.499999999999
-625.6999999999997
937.0
1773.3000000000006
727.9999999999993
-3.1999999999992994
523.5000000000023
5078.6
842.5999999999998
-95.79999999999919
850.2999999999994
4648.399999999999
1166.2
340.80000000000047
478.79999999999995
328.4000000000006
1491.599999999999
575.5000000000005
695.7999999999997
1118.9999999999984
1170.2999999999993
1311.0999999999992
1413.7000000000016
560.4999999999987
1143.6999999999982
1284.6000000000004
2934.4000000000005
484.6
-577.1000000000001
-393.7000000000015
1281.8999999999978
962.1000000000001
1319.1999999999996
2705.1000000000035
2801.699999999998
1158.4999999999989
-85.59999999999991
-75.30000000000257
3501.3999999999996
298.1999999999986
2869.3999999999996
762.0
296.6000000000002
4847.4
3335.1999999999994
406.6000000000003
1617.2999999999993
1723.6
1337.9999999999984
1187.1999999999996
820.0000000000008
416.0000000000009
3848.5
888.4000000000012
1506.4000000000012
1738.3000000000002
1467.7999999999993
2351.0
1563.7000000000005
533.399999999998
1811.9000000000015
2275.8
3140.0
952.8999999999996
930.8000000000006
5504.2
1791.5
724.4999999999998
1303.5999999999995
472.39999999999895
4306.799999999998
1730.3000000000002
1811.0
1570.9000000000015
1521.2999999999993
808.5
1525.6000000000004
-90.10000000000082
1465.8999999999999
550.3999999999999
681.3999999999999
1657.3999999999999
1394.2999999999993
1775.7999999999993
2312.7000000000007
1294.9999999999998
111.89999999999864
233.6000000000023
3008.600000000002
1807.4000000000015
3954.999999999999
-278.39999999999975
1354.1000000000001
1191.9000000000003
492.8000000000021
1328.8000000000006
4332.0999999999985
3632.2
1185.300000000001
1128.0999999999997
975.7999999999995
1126.8000000000006
-1716.7999999999997
1041.9999999999989
1675.7000000000016
-278.70000000000005
1371.7999999999981
-515.3999999999993
-1688.4000000000012
-789.5000000000026
362.70000000000005
4595.199999999999
1978.7999999999997
668.3
670.5999999999999
6094.700000000001
997.8999999999996
1286.200000000001
567.4000000000003
-757.9000000000008
389.3999999999981
-792.200000000001
-1957.9000000000015
4235.3
816.6999999999995
868.7999999999997
-1688.1999999999996
-960.7000000000018
411.1999999999992
-1447.099999999999
757.4000000000011
142.3999999999993
1070.599999999996
5394.599999999999
679.0000000000001
1127.7999999999993
-74.79999999999868
1389.3999999999994
849.7999999999995
1069.1000000000004
5014.0
-184.99999999999972
1279.3999999999996
389.5999999999975
2557.0999999999995
1652.1000000000035
3971.099999999998
4986.8
1498.1999999999996
-655.0000000000009
1313.3999999999992
274.29999999999944
1129.4000000000024
3392.7999999999997
3.2999999999985192
61.89999999999981
1051.799999999999
3860.5999999999995
1287.2000000000003
-1748.7999999999997
571.699999999999
613.000000000001
2907.099999999999
653.4000000000001
363.8000000000005
5411.800000000001
1548.7000000000007
-16.100000000000364
-572.0999999999997
-283.30000000000064
4747.1
2196.499999999999
798.5
353.1999999999989
1418.6999999999991
42.79999999999962
-69.09999999999945
-444.7000000000004
164.89999999999836
-937.3999999999991
239.30000000000018
989.3999999999987
-1562.7000000000005
-98.59999999999981
110.09999999999762
-2060.4000000000005
1.0999999999990422
656.1000000000017
-343.9000000000005
1243.5999999999995
4790.300000000001
-715.0999999999999
923.3000000000002
1158.3999999999996
1021.0999999999999
1255.8999999999996
908.900000000003
434.19999999999794
1130.9
1603.8000000000002
242.69999999999845
1304.1000000000004
1409.0999999999985
4604.6
-931.5999999999968
-83.30000000000018
3565.3999999999987
2575.2000000000007
1860.8000000000002
1091.5999999999995
1429.9
2099.7999999999993
5563.6
1365.2
1061.7999999999986
1820.9000000000005
1452.2999999999997
1414.1999999999998
703.4999999999991
643.8999999999992
1972.1999999999998
1457.8000000000004
1678.599999999999
1921.8999999999996
1731.7000000000012
1355.8000000000002
1468.0
839.5999999999995
1610.3999999999992
1139.0000000000005
1392.5
1667.0999999999985
1642.0999999999995
4531.0
1953.4
1339.9999999999995
1100.7999999999993
1971.499999999999
1684.4
5269.800000000001
6045.599999999999
802.6999999999996
-43.699999999999704
2639.000000000001
3328.2
1691.6000000000004
1090.4999999999995
1581.3000000000002
1688.3999999999996
1636.5999999999995
1275.5999999999983
1004.5999999999995
1838.199999999999
1454.500000000001
1592.7000000000007
1101.2000000000012
1979.3999999999996
4593.0999999999985
2064.8999999999996
1101.5999999999995
3742.6000000000004
1916.6000000000008
1877.300000000001
590.9000000000001
1011.9000000000005
3570.000000000001
1744.999999999999
674.0000000000001
421.9000000000001
647.4000000000001
1535.1999999999998
1718.6000000000004
1559.7999999999993
2094.599999999998
1514.0999999999985
1002.0
1329.900000000001
689.8999999999996
1222.000000000001
429.6999999999998
1075.4
1591.0999999999995
1385.4000000000005
1711.1000000000004
1493.3999999999996
1891.2000000000007
419.1999999999998
1666.1000000000004
1760.9000000000005
1787.1999999999998
5789.200000000001
1208.7999999999997
1725.4000000000005
1565.7999999999993
1058.1000000000004
1454.7000000000007
1424.1000000000004
1956.6000000000004
1092.0
1673.6999999999998
1038.8000000000002
-430.9000000000003
1593.5
704.6000000000017
1535.3
1724.4999999999995
3750.8
1042.4000000000005
1340.799999999999
1679.1000000000008
1136.0
1796.8999999999996
4673.6
1386.8999999999996
775.4000000000001
5539.200000000001
1181.6999999999987
1062.5999999999995
1003.1999999999996
1062.399999999999
1680.499999999999
1507.3999999999996
901.8999999999992
4523.5
574.9999999999993
1270.7999999999993
1078.0000000000027
389.49999999999955
1548.6000000000004
107.39999999999918
1679.1000000000004
1194.9999999999995
1022.4999999999994
3467.800000000002
1722.0
1386.300000000001
878.5999999999999
929.5999999999995
1462.7999999999993
3615.7
1980.7999999999993
1518.2999999999988
1015.5
4246.1
4874.6
1006.4000000000005
660.8999999999996
1612.9000000000005
1529.800000000001
1105.6000000000004
1084.5
875.5999999999997
209.00000000000182
4918.7
1195.7000000000003
942.0
5078.400000000001
4851.900000000001
1557.4000000000005
1126.1000000000008
2864.5
4890.200000000001
2053.6000000000004
689.0999999999995
1297.1
3593.7999999999993
1667.0
970.4000000000001
1239.3999999999992
928.6999999999994
1647.7999999999993
1445.3000000000002
1316.900000000001
1120.9000000000005
89.70000000000067
1335.799999999998
1341.6000000000026
380.40000000000043
3186.2
277.8999999999992
1283.1999999999998
1302.7
-1012.6000000000039
1299.4999999999966
1673.400000000001
1483.000000000001
-2021.6000000000004
1509.8000000000015
1846.000000000001
1720.4999999999995
5162.200000000001
1816.6
1804.300000000001
4343.8
1991.4000000000024
461.1999999999982
2418.999999999999
-2736.599999999998
443.5000000000001
654.7000000000002
1319.4000000000017
-294.59999999999997
643.4000000000004
1877.3999999999996
759.7999999999995
386.8999999999984
-2955.9999999999986
4206.499999999999
-2889.599999999998
-530.0000000000005
3255.3999999999996
-532.7999999999994
-2841.0000000000005
-623.3999999999992
229.9000000000016
-1133.7999999999993
1280.2999999999993
-292.89999999999935
-4072.5999999999985
-3102.4000000000015
563.6000000000017
1438.6000000000017
626.0000000000005
1281.3999999999999
793.7000000000002
-2363.9999999999995
1305.400000000001
680.0000000000006
842.2999999999993
-645.7999999999992
473.50000000000057
708.2000000000013
1197.099999999999
964.5999999999999
1327.3000000000002
1415.0000000000002
904.4000000000005
-508.6999999999983
749.7000000000004
669.3999999999986
4196.799999999999
782.2000000000004
1252.299999999999
2046.3999999999996
5792.799999999999
1187.7000000000003
964.3999999999992
1377.4000000000003
762.4000000000008
992.1999999999996
564.3999999999999
309.79999999999905
1531.800000000001
4794.300000000001
4907.2
784.1999999999991
1081.7999999999995
1078.3999999999996
1064.1999999999998
1457.3000000000004
1321.2999999999993
1689.6000000000004
1458.8000000000004
1669.1999999999998
936.0000000000005
4458.300000000001
1426.3999999999992
1009.299999999999
751.1999999999995
-29.40000000000032
1952.0000000000005
1296.1999999999998
788.1000000000004
1205.5999999999997
1660.5999999999995
508.19999999999817
-37.39999999999688
867.1999999999998
1189.1999999999998
978.6999999999998
2943.699999999999
1879.0
763.7999999999997
1816.0
1593.6
1375.6000000000017
1570.5
466.7000000000007
925.1999999999986
1671.8999999999996
1940.3000000000002
616.1999999999989
1577.800000000001
1515.2
4628.2
1317.4000000000005
1210.0999999999976
2042.6000000000004
1556.3000000000002
4600.2
1331.3999999999996
1242.4000000000005
1210.7000000000005
1072.1999999999998
1680.1999999999998
896.6999999999998
236.19999999999982
1017.8999999999996
4395.700000000001
1439.0
1444.0
1796.1000000000004
1368.0
81.40000000000009
1166.7000000000003
286.60000000000036
1949.5
198.5000000000009
1013.1999999999989
935.9999999999991
1420.1999999999998
1304.699999999999
1463.7999999999984
1672.0
1511.4000000000005
-977.1000000000004
1565.8999999999996
525.9999999999998
1602.8000000000002
1152.3000000000002
1612.3000000000002
1466.8999999999987
1715.2999999999993
1610.2999999999993
1948.2000000000016
1927.2999999999993
1593.1000000000004
1769.099999999999
1859.5999999999985
1971.8
4125.4
813.0999999999995
1714.7999999999993
1979.5999999999985
4154.399999999999
1525.3000000000002
1415.7000000000007
4959.599999999999
1240.2000000000007
2725.2999999999993
978.9000000000005
1478.5
1689.1000000000004
2750.100000000001
1322.500000000001
1597.5
1665.4999999999995
4757.799999999999
1872.0
1682.0
1936.999999999999
1682.8000000000006
1217.4999999999982
528.9000000000002
1722.3000000000002
1280.2000000000007
2166.6000000000004
971.0000000000023
212.19999999999993
589.3999999999985
5302.200000000001
1402.999999999999
1244.2999999999997
777.5999999999993
1331.1999999999994
1105.3000000000002
1493.4000000000005
1632.999999999999
1592.1999999999998
1119.3999999999996
3896.7999999999993
1924.7999999999993
1338.1999999999994
2403.7000000000007
2598.5999999999995
1574.4000000000005
1038.0999999999995
1842.5999999999995
1998.7999999999993
2050.7999999999993
5812.6
535.4000000000005
2010.0999999999997
1824.5
2294.6000000000004
3594.7
418.3000000000003
2184.500000000001
2353.7999999999993
381.2000000000007
1004.3999999999999
1912.0
1192.6999999999982
1813.5
691.6000000000004
753.2000000000005
1084.6999999999996
1842.6000000000004
1740.4000000000005
1778.4
2027.4000000000005
2033.9999999999982
5379.099999999999
409.00000000000034
969.8000000000004
2012.1
2808.399999999999
-973.1
965.899999999999
757.999999999997
4718.4
2120.6000000000004
1459.2999999999963
579.5999999999995
1589.5000000000005
774.6000000000008
237.7999999999999
1457.7999999999997
1324.4999999999993
749.4999999999994
319.60000000000053
526.3999999999979
1370.6
3422.8
2574.1999999999985
1389.7999999999995
449.900000000001
2822.999999999998
5231.999999999999
2336.1999999999994
5299.400000000001
-90.4000000000007
4002.4
3824.7999999999975
4792.100000000001
4416.0
1097.5
-220.20000000000027
3904.0999999999995
2322.8999999999996
2001.5999999999997
-59.4999999999997
2894.9000000000024
3136.4000000000005
913.5999999999995
777.6000000000006
-309.30000000000103
2048.4000000000005
862.0999999999997
545.8999999999994
4824.900000000001
4196.8
4904.400000000001
1860.2000000000003
3879.3999999999996
3725.9000000000015
4438.799999999999
933.1999999999998
1564.199999999999
162.5999999999991
1619.5
1125.9999999999993
1264.0000000000014
564.4000000000004
1526.6999999999998
1288.0999999999972
1424.500000000001
-171.6000000000001
801.9000000000005
737.8000000000002
-280.1000000000005
1126.8999999999983
3847.0999999999995
628.6000000000004
1022.5000000000009
1286.7999999999995
683.9000000000005
946.9000000000009
1270.9999999999998
3117.999999999999
5747.8
1742.699999999999
1930.2000000000007
1766.0000000000014
1597.2999999999993
2572.3999999999996
2019.5
1568.7999999999995
2227.4999999999995
1896.4
-244.09999999999803
-646.6000000000008
1545.9000000000015
3148.6000000000004
1001.0999999999993
1604.2999999999993
1320.7999999999993
4955.8
2674.2000000000007
818.9999999999976
1877.2999999999993
2704.5
2361.5
1140.2999999999988
1136.8999999999992
1863.2000000000007
1230.7999999999993
4906.099999999999
338.3999999999994
195.00000000000074
3249.3999999999996
875.1000000000004
1112.1000000000013
2921.3999999999996
1564.2000000000005
-536.2000000000015
695.200000000001
597.1999999999994
-62.399999999999835
824.4000000000011
749.5999999999985
1266.2000000000007
1295.8999999999996
1759.4999999999993
3655.999999999999
1616.2999999999997
1399.8999999999996
1476.3999999999994
1312.1999999999978
1893.6000000000004
810.1999999999994
561.9999999999993
1715.1000000000013
1473.4999999999995
5456.2
4423.199999999999
1103.3999999999994
3251.5999999999995
3325.2999999999984
1163.6999999999996
2308.999999999998
709.2999999999995
1200.8
1148.7999999999981
1370.4000000000012
1085.7999999999997
1437.3999999999994
3530.6000000000004
1753.9999999999993
1393.0
4827.8
1004.7999999999998
1373.7999999999986
45.60000000000033
752.0
3081.6000000000004
3818.5999999999995
-697.6000000000004
496.5999999999995
1620.3999999999992
1495.8999999999992
3061.7000000000016
1942.6999999999978
2053.0000000000014
1599.5
747.0000000000003
1349.9999999999986
989.2999999999973
1621.4000000000008
1169.8000000000006
1293.5000000000014
1523.6000000000001
1460.9999999999998
4330.400000000001
4140.799999999999
742.6000000000005
2880.7000000000007
3178.3
1335.9999999999984
2732.2999999999997
2097.4
816.400000000001
1433.2000000000003
1374.100000000001
5471.8
-574.1000000000003
1474.799999999998
1056.6
1237.1999999999994
-114.70000000000061
1370.7999999999993
-1088.2000000000003
980.599999999997
2701.5999999999995
2246.2000000000007
2047.9000000000005
1643.199999999999
4919.6
2207.5999999999995
1746.499999999999
2657.3000000000006
3311.5
-244.70000000000016
2369.1000000000013
1497.7000000000012
1998.2000000000005
5232.400000000001
1417.2
1075.4999999999993
996.3999999999996
1399.5999999999997
428.19999999999914
2965.8999999999996
2817.8
941.5999999999998
-78.50000000000107
2547.9
-466.90000000000015
300.39999999999924
372.49999999999886
73.50000000000009
4339.999999999999
424.6000000000018
3796.599999999998
1008.5999999999999
3672.7999999999993
574.7000000000005
843.1999999999988
2910.199999999999
1083.200000000002
4612.799999999998
788.7000000000005
294.9000000000007
685.9999999999998
3779.799999999999
4261.800000000002
889.9999999999995
4676.0
4309.300000000001
1185.9999999999995
2900.2000000000003
-1230.1999999999987
1992.4000000000017
3876.800000000001
401.09999999999945
-360.5000000000003
-700.3000000000012
4421.400000000001
-1367.4000000000015
-178.89999999999924
448.5999999999992
4782.200000000001
5155.4
2729.600000000001
-1806.8999999999992
5124.4
268.3000000000007
168.80000000000024
-679.400000000001
-651.9999999999999
54.80000000000072
464.7000000000006
665.1999999999995
431.0999999999966
-324.80000000000206
-58.60000000000127
834.2000000000005
-279.60000000000144
792.2999999999982
278.59999999999945
-1997.0999999999995
989.8000000000001
765.999999999996
5223.200000000001
-1092.600000000001
-525.9999999999995
-1505.0000000000002
-462.5000000000027
-777.6000000000026
669.6000000000013
-196.6000000000011
-1650.3999999999983
337.9999999999998
4281.400000000001
1695.3999999999985
4010.7999999999993
1442.399999999999
3993.6000000000004
4844.0
-662.4000000000013
1607.5999999999997
-1515.999999999999
2487.6000000000017
5216.199999999999
704.4000000000012
1022.7999999999997
1046.5999999999995
3157.6
-453.29999999999825
-438.19999999999914
3052.0
-13.399999999999636
-162.00000000000148
419.99999999999943
-826.1
965.1000000000015
3571.2000000000003
270.1999999999997
138.59999999999783
886.1999999999991
4133.4
997.8999999999988
1601.5999999999992
1708.4000000000005
1204.0999999999997
1140.6000000000004
2555.9000000000005
1146.9999999999998
805.5999999999997
3111.100000000001
1063.8999999999992
3103.399999999998
372.29999999999944
2181.1000000000004
4482.800000000002
546.2000000000003
753.2000000000004
2877.800000000001
412.9999999999993
3676.8
4537.999999999999
492.6000000000013
4234.999999999999
3809.0
4932.0
4491.400000000001
477.699999999999
748.2000000000002
646.6000000000007
3243.8999999999996
3470.2000000000003
-97.59999999999903
-435.9000000000002
4676.2
3639.300000000001
1407.5999999999995
401.5000000000009
5286.6
431.7999999999995
-835.0000000000018
4574.0
690.8999999999993
4500.000000000001
1967.1999999999998
1074.900000000001
4923.799999999999
1226.7999999999995
-534.5999999999995
68.70000000000073
194.19999999999877
4319.700000000001
5216.999999999999
1332.4999999999998
18.500000000003865
571.9999999999974
-1834.3000000000015
1456.3999999999987
1983.8999999999994
1548.4000000000005
-546.7999999999998
1217.9999999999975
380.09999999999854
723.7000000000031
2989.3999999999987
1074.300000000003
325.70000000000164
-784.7999999999997
1290.1999999999994
2647.6000000000013
3137.8
616.1
523.9999999999999
4461.000000000001
2229.1000000000004
4439.9
4531.599999999999
1177.8
4560.200000000001
4642.799999999999
2629.6999999999994
625.6999999999991
-13.500000000000739
-1331.8000000000004
2605.2000000000003
1707.999999999999
2364.499999999999
1484.4000000000012
5319.2
-523.5999999999997
886.299999999999
5272.4
4159.4
4849.8
181.00000000000028
331.29999999999984
2622.8999999999996
5376.8
-527.8999999999996
249.0999999999995
2696.2999999999997
949.099999999998
3973.499999999998
-179.29999999999905
1410.1999999999994
3184.0000000000005
656.9000000000001
341.00000000000034
3300.8999999999996
1180.6999999999991
3260.1000000000004
297.8000000000003
3842.8
-1403.5000000000018
-191.50000000000068
4965.4
269.69999999999965
-999.400000000001
3855.699999999999
-1694.4000000000008
75.80000000000132
-112.10000000000025
-2178.7
175.2999999999986
4030.2
5136.4000000000015
-70.69999999999823
5108.599999999999
-1432.299999999998
-610.4000000000004
-833.0999999999999
-96.20000000000351
-1433.5000000000002
856.9999999999986
-296.69999999999845
-503.09999999999945
15.699999999998958
-105.09999999999977
5247.799999999999
4390.799999999999
-208.5
3961.4000000000005
432.0000000000007
4813.8
667.9000000000001
-429.89999999999975
1943.7999999999993
3188.2000000000007
-560.8999999999994
-1542.7000000000005
-920.3000000000004
5081.0
19.100000000000563
1668.1999999999998
2182.2
609.6000000000001
48.899999999999096
2988.4000000000005
1109.6999999999998
2185.7000000000007
1575.8999999999996
1646.1999999999996
-70.39999999999975
1798.5999999999995
2605.3999999999996
1212.8000000000013
1015.299999999999
-88.2999999999999
3026.3000000000025
77.7000000000004
4595.4
4880.2
-180.69999999999962
4893.4000000000015
4580.200000000001
6005.200000000001
4451.5
2995.2
1682.3999999999996
1404.7999999999995
1733.9999999999995
2099.899999999999
-370.6999999999983
371.99999999999983
4720.2
1468.0999999999995
1772.299999999999
1456.3000000000009
1884.1999999999987
3842.0
2589.3999999999996
2954.000000000001
3440.6000000000004
182.399999999999
2198.4999999999973
1203.9999999999993
2283.600000000002
5014.400000000001
1009.8000000000013
1340.6999999999996
1399.6999999999998
2166.600000000001
3009.7000000000007
2728.000000000002
1542.7999999999977
1617.799999999999
2022.0000000000018
1671.8000000000004
-427.6000000000014
2038.0999999999958
-1950.899999999999
1141.600000000001
2435.8999999999996
2510.199999999997
5660.199999999998
2076.199999999999
4532.0
1350.7000000000007
1304.1000000000006
1741.800000000001
5570.999999999999
3615.2000000000007
1074.9
1987.0000000000027
1869.5999999999992
1377.6
3330.8
1767.9999999999993
2580.6000000000013
2595.000000000001
1888.7
1734.1999999999998
-1062.2000000000012
1939.8000000000013
2594.999999999999
-115.79999999999892
1111.299999999999
1615.3999999999996
2641.4000000000015
1362.8999999999978
1399.2999999999981
1530.5000000000014
3234.599999999999
1487.899999999998
459.6000000000008
1144.8999999999994
1819.2999999999984
5968.6
367.4000000000005
1070.5999999999992
-1720.8000000000009
1644.4000000000005
2503.3999999999996
1564.200000000001
-115.00000000000315
1119.599999999999
1061.6000000000006
1989.2000000000007
946.5999999999999
1733.0
1371.7999999999993
784.5999999999997
1958.7999999999993
2796.7999999999984
3939.7999999999993
3742.600000000002
1687.5999999999976
1183.3999999999992
1474.0000000000011
5035.4
3573.0
4920.400000000001
713.3999999999988
3887.7
1172.1999999999991
4871.0
1733.8
1850.0000000000005
2638.0
1242.5999999999997
1781.2999999999988
2209.6
724.1999999999996
2722.8999999999996
2612.7000000000007
639.6000000000007
1048.9999999999993
986.5999999999991
3680.1000000000004
603.5000000000001
1567.9999999999993
522.0999999999996
630.5000000000003
4795.200000000001
-578.200000000001
684.2000000000003
1865.4
1846.3999999999987
830.8000000000004
130.19999999999953
103.39999999999884
3615.800000000002
5150.0
1447.9000000000015
1592.3999999999994
994.6000000000004
2612.399999999998
2370.7999999999997
904.4
1879.2000000000007
1328.4000000000008
1531.8000000000004
3747.7999999999984
494.6000000000014
2422.0
2856.199999999999
2940.6
2534.0
1656.2000000000005
2889.8
3938.8
438.29999999999984
-93.79999999999946
-81.10000000000038
809.4999999999986
4847.699999999999
3476.2999999999993
67.69999999999935
3123.999999999999
3548.9000000000015
149.1999999999997
423.99999999999795
-104.2999999999991
1235.0000000000002
3475.2
-556.4000000000015
329.1999999999997
826.8999999999994
3638.3999999999996
1465.1999999999987
1273.4999999999984
1936.400000000001
707.8000000000033
5880.0
2365.600000000001
572.8
2458.6000000000013
3611.2000000000016
935.4000000000009
-199.80000000000086
427.6000000000011
3985.1999999999994
3111.7999999999993
1739.2999999999988
1723.4
1180.2999999999995
1151.6000000000013
1581.9999999999995
1484.0
1606.4999999999998
773.5999999999999
1376.1000000000029
2909.6000000000004
1617.1999999999998
5345.4
3729.3999999999996
1335.5999999999992
403.2000000000001
1621.8000000000006
3364.2
2407.6000000000004
5972.0
1058.2
1923.4000000000015
1800.2000000000007
3582.7999999999993
1713.000000000001
1290.0999999999992
3942.2000000000007
1209.1999999999991
1844.3999999999996
1492.1999999999998
1291.8000000000002
1859.999999999998
5186.1
2079.999999999998
1558.7000000000005
2432.9999999999995
3617.3999999999996
1500.3999999999996
1484.0
3662.6000000000004
3445.399999999996
4603.400000000001
-302.0999999999979
1440.1
2370.199999999999
1258.6000000000006
2920.7999999999997
902.499999999999
831.9000000000002
4636.799999999999
2660.0
1336.8999999999999
370.40000000000094
376.199999999999
455.4000000000015
3178.2
1072.1999999999987
1325.1999999999996
302.0000000000001
1544.1000000000001
3023.5
3699.3999999999996
4214.000000000001
3088.0000000000005
3260.7999999999993
1013.6999999999996
4300.200000000001
3571.2000000000007
780.2999999999994
5497.400000000001
2237.3999999999996
3895.5999999999995
560.0999999999989
4965.0
2891.7999999999993
846.0999999999979
3600.2000000000016
3052.800000000001
-980.9999999999995
-623.3999999999999
-1093.6000000000015
-9.19999999999984
1294.000000000002
3469.9999999999995
465.2000000000003
1018.2000000000013
3496.0
110.79999999999905
1192.0
1445.6999999999996
2569.2000000000003
3171.6
-175.20000000000272
1341.8000000000009
1646.2000000000005
1889.3999999999996
1326.2000000000003
1010.2000000000006
1152.4
5017.8
1693.7999999999995
1225.9000000000005
3158.4000000000005
1483.0999999999995
1176.500000000001
1142.1000000000022
713.0
1277.1999999999998
1300.4
1188.5
1638.1000000000004
2707.3999999999987
2905.1000000000004
2719.2000000000007
4994.799999999999
1217.2
4973.2
1907.3999999999994
2983.5999999999995
5250.799999999999
974.3999999999996
1744.5
1137.6000000000013
5094.599999999999
1241.6999999999991
903.5000000000009
2337.5
1655.1999999999996
1634.7999999999984
1286.2000000000007
-141.09999999999857
1260.4000000000008
1843.3000000000002
1521.7999999999993
1500.2999999999993
5189.2
1755.800000000003
1456.699999999999
723.3999999999996
1663.8000000000004
1726.6999999999998
1752.1999999999998
693.8000000000011
763.2000000000013
1890.2000000000007
5143.4
540.1999999999989
1036.3000000000002
1138.4999999999993
4965.599999999999
1639.5999999999995
1636.5999999999976
2373.8
2320.2
1003.9999999999998
1613.800000000001
1448.699999999999
1292.5999999999988
662.399999999999
385.8000000000014
2802.000000000001
835.5999999999984
3639.4000000000005
2466.8
929.2000000000014
559.8000000000015
910.8000000000005
3083.8000000000006
944.1000000000008
3714.3999999999996
855.1999999999997
3004.800000000001
707.9999999999981
3109.6
4060.3
587.4999999999987
-1160.9000000000003
1110.4999999999998
354.6999999999996
473.60000000000065
-567.0999999999991
1112.3999999999994
2823.6
1624.9000000000008
1634.2000000000003
1091.8000000000006
1541.4000000000008
4460.400000000001
1375.9
1479.4000000000008
3485.0
3319.2000000000007
600.0000000000008
155.49999999999932
1795.1999999999996
5540.8
-1188.0000000000002
583.5999999999971
-346.5000000000017
2673.9999999999995
-473.4000000000005
1064.2999999999997
1969.3999999999994
1449.2999999999984
2350.7999999999997
1145.6000000000008
1039.6000000000001
303.2000000000004
73.30000000000148
538.299999999999
1571.6000000000004
1699.4
3146.4000000000005
4928.8
1068.3999999999996
1288.2000000000003
4563.199999999996
2039.6000000000008
1546.1999999999998
4739.200000000001
1128.5999999999997
2105.2
5523.600000000001
1936.9999999999993
2280.6000000000004
1098.3999999999974
1571.3999999999992
2389.7999999999993
4635.0
1440.2000000000007
792.4999999999997
1760.5
5379.4
1476.8999999999996
2256.6000000000013
4719.2
2961.0
4371.4
1747.1999999999998
1339.0000000000025
3916.8
5110.0
679.5000000000011
1265.000000000001
3938.3999999999996
5296.799999999999
1160.7999999999993
1552.1999999999985
1459.2000000000003
1370.4000000000008
1695.7999999999995
1311.0999999999992
2275.6000000000004
1874.5
1579.0
1789.4
366.99999999999955
1118.1999999999998
1229.5
3838.499999999998
-616.0000000000002
1473.4000000000005
1412.2999999999975
2064.2000000000016
1192.0999999999976
1055.3000000000002
4627.200000000001
2124.3999999999983
1788.0
3413.5
1099.8000000000009
2440.6000000000004
1788.1999999999994
1378.3999999999996
1414.2000000000003
605.1999999999989
2829.5999999999995
2262.7999999999993
3591.8
1096.7999999999997
248.89999999999998
1342.899999999998
3290.6000000000004
3113.2
1222.700000000001
1502.8000000000006
2471.0
1346.1
1481.3000000000002
3295.8
2703.8
2322.2999999999997
1278.9000000000005
1294.3999999999987
2595.600000000001
5470.0
87.40000000000072
1429.8999999999996
1008.7999999999997
4856.999999999999
3534.7000000000007
1515.3
1132.0999999999983
-1137.3999999999994
994.4999999999992
2280.400000000001
1124.7000000000007
2559.8
462.20000000000044
248.70000000000115
3492.2
2830.0
6025.200000000001
3251.2
1605.9000000000015
1729.6000000000004
1796.6999999999987
968.999999999998
5464.8
5481.8
657.0000000000001
3050.5
5792.4
1088.0999999999997
2418.099999999999
2233.5000000000005
3084.6000000000013
2559.099999999999
4156.200000000001
774.5999999999993
-1479.9999999999995
-93.09999999999991
2785.2000000000016
2959.2
1764.0000000000002
1604.199999999999
3276.7999999999984
1196.2000000000014
1427.5000000000005
2116.4000000000005
3712.2
2623.4000000000005
849.4000000000001
840.8999999999999
1770.300000000001
3826.799999999998
858.7999999999997
1582.2999999999997
1230.999999999999
1401.0000000000014
1309.599999999999
3121.0999999999985
4887.8
2477.099999999999
1604.3999999999999
943.8000000000004
1550.1000000000001
1698.8999999999992
856.0000000000001
2330.4999999999986
623.2999999999994
1173.0000000000005
1912.000000000001
3521.8
186.3999999999986
1066.300000000001
1850.400000000001
2756.3999999999996
1046.8
3882.7999999999993
1679.3999999999999
2533.7999999999993
1774.7000000000012
2692.2
3204.7
1798.699999999999
4279.000000000001
3471.6000000000004
4843.200000000001
1250.8000000000006
833.6999999999991
1369.4000000000008
2159.0
3176.6000000000004
2312.7
1065.0999999999995
3127.8
1227.7000000000016
2054.2
1871.9999999999995
1625.3999999999999
3908.800000000001
2082.8000000000025
1100.3999999999999
2286.8000000000006
2971.6000000000004
1150.6000000000001
1751.0000000000005
1245.8000000000004
4646.900000000001
1504.5999999999997
2863.2
1693.8000000000002
2659.199999999999
1389.1999999999996
1682.6000000000017
2526.9000000000005
1717.0000000000005
2657.7
1911.2000000000007
1189.3999999999999
1131.799999999999
3203.0000000000005
3677.2000000000007
1889.3999999999994
2884.6000000000004
1715.0000000000005
326.9999999999998
3574.3999999999996
4803.4
1684.1999999999991
3549.3999999999996
3019.199999999997
1228.9999999999984
3398.8
1032.1999999999985
4161.4
585.3999999999978
1062.5000000000011
688.2000000000011
330.099999999998
2951.2000000000003
1632.3999999999983
2454.5999999999995
893.0999999999974
1196.8000000000002
374.9999999999993
1076.400000000001
2922.3000000000006
3794.6000000000013
1653.2000000000007
3019.0000000000005
1488.6000000000004
1445.0000000000005
3124.6000000000004
3402.9999999999995
1351.6
1386.3000000000002
1333.7000000000003
4118.6
3294.3999999999996
953.7999999999959
-504.4999999999998
2734.2000000000003
1228.6000000000008
3431.600000000001
89.7
1920.8
1530.4000000000008
1870.7
672.8999999999994
1376.7999999999993
5538.799999999999
4237.6
484.2000000000001
233.5999999999999
2681.7
3084.6
1933.8000000000009
5408.6
1727.8
2606.2000000000007
5137.200000000001
1524.8
2991.0000000000014
841.5000000000003
5022.5999999999985
2970.4000000000015
3075.6000000000004
1412.999999999999
2215.6
3280.8
3011.500000000001
5438.400000000001
2341.3
4921.5999999999985
1953.0
1126.1999999999998
1335.1999999999987
1127.6000000000008
949.2999999999992
2991.0
1542.6999999999996
676.2000000000002
3927.6000000000004
733.0999999999999
302.99999999999955
1622.7
383.2999999999997
4625.200000000001
3723.6000000000004
971.0000000000007
3405.4000000000005
1336.4000000000017
1167.9999999999995
805.6000000000022
2223.8999999999996
1124.3999999999992
-312.69999999999857
-103.49999999999983
1285.3999999999999
82.00000000000001
5094.2
1158.7999999999993
620.3999999999994
3581.800000000002
312.5999999999997
4595.8
-668.5000000000011
1547.1000000000004
-1069.5999999999995
4283.2
1327.9999999999982
1463.2999999999993
5030.2
774.799999999999
1096.6999999999994
4492.4
2831.7999999999993
2753.4000000000005
-210.80000000000027
1038.5999999999988
4075.000000000001
3905.0
-206.69999999999897
4989.800000000001
5149.800000000001
1623.6999999999975
582.5999999999992
4333.0
1520.4000000000015
3797.000000000002
1255.5
498.8000000000005
2935.8000000000006
5188.800000000001
437.8999999999994
3946.7
-242.69999999999908
2574.0
760.3999999999986
1549.5999999999997
4472.499999999997
3138.9000000000005
1410.4000000000003
1413.4000000000003
-105.20000000000115
1287.6999999999987
737.4999999999995
1198.2000000000005
1168.0999999999997
1865.9999999999966
4054.2000000000007
3818.600000000001
2408.5999999999995
1735.1999999999996
904.2999999999988
1671.1999999999998
1840.1999999999994
3383.4
1619.4
3835.2
4031.199999999999
4000.5999999999985
1856.4000000000003
872.8999999999996
3493.6000000000004
3056.699999999999
1211.0000000000005
1184.1999999999998
2139.0
856.5999999999999
4495.8
3433.8
1554.400000000001
1523.3999999999999
3116.9999999999995
408.40000000000305
1144.400000000001
3637.0
3649.4
2659.4000000000005
1007.2000000000004
357.4000000000003
3193.0000000000023
89.20000000000228
626.1999999999995
601.0000000000002
206.99999999999932
2953.600000000001
3335.4
1200.6000000000004
560.699999999998
289.30000000000007
868.0999999999997
650.2999999999989
1037.0
-125.6000000000003
3740.3999999999996
1058.5000000000011
3782.2
3550.800000000002
4276.400000000001
-856.5999999999992
1461.8000000000009
3224.599999999998
994.1000000000006
2897.2000000000007
3669.6000000000004
4437.6
18.3999999999985
930.8999999999994
4297.2
4152.6
1483.600000000001
952.9999999999978
5541.6
3480.8999999999996
2879.2999999999993
3484.999999999999
13.999999999999034
3497.999999999999
44.699999999999534
3780.7999999999984
3132.1999999999985
1303.2
4238.599999999999
1011.0000000000007
1755.8999999999994
2685.5999999999995
1037.7
-89.20000000000101
-614.2999999999996
-150.3999999999997
3144.8
5243.199999999999
19.900000000001704
-329.8999999999995
927.5000000000005
868.6000000000006
1384.1999999999998
907.2999999999986
776.5999999999999
1423.5999999999995
42.000000000000554
2703.2000000000016
611.4999999999994
1452.2
129.09999999999937
1293.5999999999988
3294.4000000000015
3789.5999999999995
1865.199999999998
3581.8
584.1999999999994
1733.400000000001
2026.1999999999987
3401.3999999999987
1599.9999999999989
3968.000000000001
1257.7999999999981
3985.3999999999996
5682.4
5349.0
3140.6000000000013
2188.0000000000014
3786.2000000000007
2403.4
3552.7999999999997
740.4000000000002
55.20000000000016
2619.8000000000025
590.4000000000021
4443.8
391.5999999999997
888.1999999999998
-244.40000000000236
1742.2000000000007
64.19999999999871
4022.0
4519.6
3647.400000000003
385.4000000000005
-246.30000000000064
4942.799999999999
4485.399999999999
-878.9000000000015
-822.7000000000003
-305.6999999999997
3639.4
-509.89999999999816
450.8999999999983
2453.1999999999994
810.199999999999
3166.7999999999984
3154.7999999999993
3023.1999999999994
-128.39999999999918
-50.10000000000138
-476.80000000000285
2685.3999999999996
959.9000000000002
5174.000000000001
1239.8000000000027
1462.9999999999995
53.39999999999887
3012.9999999999977
1618.3999999999999
3241.2
1909.8000000000013
374.5
1697.6000000000004
2766.8000000000006
1413.399999999998
3394.0
949.7999999999993
1660.2000000000003
919.4000000000011
968.0000000000005
4684.9
-2167.3999999999996
992.8999999999985
617.5999999999992
1095.000000000001
1752.0999999999988
2857.2
3311.3999999999996
3520.9999999999995
1626.1000000000001
3526.2
1287.3000000000031
4414.8
698.3999999999997
1075.299999999999
2447.6000000000045
2051.7999999999997
523.8000000000017
1370.9999999999989
1494.2000000000007
907.8000000000005
3161.6000000000017
118.79999999999676
-320.1999999999986
851.7
772.9999999999989
1069.8000000000013
953.7000000000004
1211.9999999999995
860.6999999999997
-6.39999999999938
-821.9999999999987
509.70000000000067
5523.4
4258.799999999999
694.1999999999988
2588.6000000000004
3892.2000000000007
-664.7999999999996
249.99999999999747
5714.4
-55.200000000000614
5018.200000000001
251.30000000000106
-83.39999999999927
1385.2000000000019
324.8000000000005
4397.4
3935.2000000000003
1282.3000000000031
-1416.8000000000018
-926.7000000000008
1.399999999998272
398.4
1317.1999999999996
729.6999999999973
-100.99999999999986
767.8000000000001
297.4000000000025
-1021.2000000000008
-1075.0999999999974
-8.200000000000259
3148.2
-891.2000000000006
-2569.700000000001
1216.6000000000001
-682.4
-631.8000000000008
366.6000000000008
716.6000000000009
1353.100000000001
3592.2999999999997
1097.3000000000002
1157.4000000000005
1480.0000000000002
-624.0000000000002
3239.2
55.00000000000031
557.6000000000006
742.5000000000014
1518.2
464.2000000000012
1535.5999999999988
1710.7999999999988
1437.799999999999
1284.1999999999994
2369.8
4846.0
1122.3000000000006
4460.6
1893.5000000000016
460.2999999999993
1434.300000000001
5926.4
1849.1000000000004
1138.5999999999976
1369.6000000000001
3476.0
3376.8
4768.6
647.9999999999997
791.4000000000019
684.3999999999999
3183.2
1556.3000000000009
3079.000000000002
1038.1999999999996
719.2000000000007
5140.8
1783.800000000001
5343.0
1338.3999999999999
3588.0
1428.6000000000006
188.30000000000084
5119.599999999999
4265.200000000001
1562.3999999999994
1041.4000000000003
2819.999999999999
4623.3
4428.4
3253.0999999999995
4818.799999999999
-235.00000000000168
1598.3999999999987
1606.1999999999996
474.3999999999989
1410.200000000001
830.6000000000006
4346.099999999999
2748.0
1597.7999999999993
4231.799999999999
5387.6
885.4000000000003
2352.0000000000005
3471.2
679.2000000000003
757.7000000000006
5555.400000000001
509.5999999999988
817.3000000000009
4838.4
4612.999999999999
540.1999999999973
701.5999999999997
4387.5
540.5000000000006
1978.8999999999996
3563.3999999999996
-616.300000000002
1098.8
3931.800000000001
-74.99999999999989
1290.6999999999996
340.7999999999996
5013.799999999999
3384.800000000002
1698.8000000000002
3503.800000000001
4232.4
1400.199999999998
258.2000000000009
1091.9999999999998
3350.599999999999
3517.4000000000005
1330.7999999999977
1021.600000000002
893.9000000000003
1421.8000000000002
3703.5999999999995
1102.4999999999998
-1273.5000000000014
-503.8000000000004
997.8999999999987
2037.0
-186.99999999999937
-325.1999999999985
1023.8999999999993
1264.6999999999973
-1348.500000000001
93.20000000000036
1448.4999999999993
-1484.899999999997
993.6
1444.0999999999992
2267.9000000000024
1109.2000000000007
2061.3999999999987
2785.8000000000015
101.29999999999742
3323.2000000000007
5464.799999999999
5543.200000000001
4335.6
961.399999999999
5486.5999999999985
3217.0
1601.2999999999997
1422.5999999999988
867.1999999999994
1842.7999999999997
3641.5
1395.5999999999997
967.4999999999993
845.0999999999983
5551.4
1100.1999999999975
1625.2000000000003
4082.7999999999993
629.0999999999977
1686.999999999999
1201.6000000000001
473.7999999999996
5215.999999999999
4497.0
1079.1000000000001
318.39999999999964
-76.09999999999866
1488.7999999999993
4471.4000000000015
820.3999999999976
2749.1999999999985
1928.8000000000015
1611.4000000000024
2893.7000000000007
1495.2999999999993
-25.099999999997948
1000.8000000000006
1957.5999999999985
4444.5999999999985
557.0999999999999
5745.799999999999
5504.0
1614.3999999999971
3720.199999999999
3836.800000000002
4659.6
4207.799999999999
5070.0
1077.7000000000003
1219.0000000000007
278.9000000000039
4866.0
4276.0
88.09999999999962
318.20000000000005
4888.400000000001
573.6999999999985
1246.600000000002
-1331.0999999999992
4713.599999999999
1096.7999999999993
-349.30000000000007
485.6000000000008
118.30000000000081
4987.000000000001
3516.2
852.9999999999986
-901.6000000000007
74.39999999999894
5263.400000000001
142.90000000000057
-727.1999999999975
-341.59999999999974
3313.2
3617.4000000000005
-1072.2000000000007
733.7999999999997
1245.5999999999974
4932.0
865.4000000000007
487.5000000000015
210.00000000000108
1130.5999999999983
161.09999999999945
481.39999999999975
-320.80000000000086
182.6000000000023
878.599999999999
3831.0
4437.5999999999985
3889.599999999996
5524.599999999999
916.1999999999981
-803.9000000000023
-286.80000000000007
4809.2
74.3000000000035
5310.8
477.4000000000005
4773.9000000000015
4827.400000000001
3805.000000000001
375.70000000000164
592.6000000000017
513.3999999999986
1111.600000000002
1532.1999999999998
3743.400000000002
-227.40000000000063
4020.2000000000003
4605.399999999999
473.3999999999983
529.000000000001
1480.3999999999999
5029.4
-284.19999999999874
816.1000000000007
12.800000000002072
962.499999999998
5007.200000000001
3830.5000000000014
169.4999999999995
3866.600000000003
631.5999999999999
2480.8
594.3000000000002
76.20000000000113
5216.2
4084.8
-522.4000000000003
3325.7999999999997
627.0000000000015
530.6000000000014
3520.199999999999
4172.800000000001
-1170.9999999999995
-378.4999999999998
3575.899999999998
-705.499999999999
-1052.8999999999992
4979.799999999999
-231.30000000000325
-55.90000000000147
-817.3000000000015
4274.600000000001
4791.5
-1829.2999999999995
136.00000000000244
131.99999999999847
2473.7999999999997
1748.0000000000018
4149.799999999999
-281.09999999999826
-598.4000000000009
-1221.899999999999
-426.59999999999934
-170.2000000000004
4145.199999999999
-947.7000000000007
4038.6000000000004
4834.5
-502.399999999998
-70.70000000000164
1064.100000000003
5184.0
1259.6999999999969
65.50000000000057
4804.0
3421.0
4889.599999999999
2157.4999999999995
-670.6000000000008
3758.4000000000005
5925.200000000001
4111.000000000002
478.79999999999865
-936.8000000000006
4520.4
3528.8
1057.999999999998
114.19999999999949
2672.6999999999994
612.9
792.000000000001
498.09999999999945
750.1999999999998
3253.8
726.8999999999999
3363.3999999999996
389.70000000000095
1144.6
3837.0000000000014
1197.9999999999989
617.1999999999996
1471.2000000000007
2813.8999999999996
3663.6000000000004
5071.8
1107.200000000001
840.6000000000031
3726.0
4372.6
1135.7000000000007
3168.5999999999995
3861.2
1370.6
3896.6000000000004
919.4999999999991
839.799999999999
3960.7999999999993
4531.6
13.29999999999984
-525.0000000000003
3004.8999999999987
4069.5999999999995
451.8000000000002
402.099999999999
940.5999999999998
4480.200000000001
1051.400000000002
484.19999999999874
622.4000000000001
5621.0
3256.400000000003
138.10000000000122
758.2999999999989
-39.800000000000324
4152.199999999998
-2107.1000000000013
3477.4000000000005
3996.4000000000005
1225.8000000000027
-690.800000000002
3598.200000000001
-3001.8000000000015
-2937.7000000000007
1734.9000000000012
-219.99999999999977
142.99999999999926
-2489.800000000001
4697.799999999999
5483.599999999999
-404.70000000000016
-754.1999999999994
3817.000000000001
-813.3999999999999
4073.3999999999996
4502.200000000001
170.20000000000095
-1246.6999999999994
4421.800000000001
5649.400000000001
-909.3000000000012
245.79999999999967
37.90000000000056
1647.800000000002
2784.100000000001
993.9999999999984
-1529.3999999999996
207.59999999999715
1054.5999999999985
267.19999999999897
4534.4
-578.3999999999997
1253.199999999998
5122.599999999999
3900.5999999999995
5360.8
5853.200000000001
-71.40000000000163
903.8000000000002
-291.1000000000006
5682.6
3735.0000000000014
-243.39999999999932
-1323.3000000000004
365.5999999999998
-318.10000000000144
-607.8000000000017
1476.6000000000001
1554.6000000000004
1788.6000000000013
1099.400000000001
-254.00000000000045
-142.19999999999894
1472.6000000000004
967.3999999999985
908.8000000000012
2695.0
660.700000000002
4468.399999999999
943.3999999999996
82.80000000000118
1454.1999999999987
1247.5999999999995
1450.3000000000018
3491.6000000000004
5254.6
745.6999999999989
4424.0
5366.799999999999
1560.9999999999995
2106.3999999999996
4874.4
1759.0999999999995
1759.9
2195.7999999999993
1690.9000000000003
1625.5
1506.5
1631.5000000000005
1839.9999999999982
1497.7000000000007
1219.5000000000014
2433.1000000000004
3207.1000000000004
1665.9
5282.400000000001
1934.7999999999986
2105.8
918.1999999999989
693.9000000000004
2291.2000000000007
2264.7999999999993
978.5
1228.6999999999998
1701.3999999999996
319.60000000000036
1755.7000000000007
2032.1000000000004
1819.3999999999996
1975.3999999999996
1872.9000000000005
2160.0
1279.0
1960.3999999999996
1277.4
2051.2999999999993
1775.8000000000002
2147.3999999999996
5819.0
1681.8999999999987
1678.6000000000004
1558.2000000000007
1605.6999999999998
2032.4000000000005
2096.3999999999996
2257.3999999999987
1421.8000000000002
1993.0
2081.000000000001
5864.4
2089.0
1806.6000000000004
5362.0
4424.000000000001
1879.499999999999
1899.1999999999998
1210.6
1802.2000000000016
3761.0
1654.7999999999993
1524.8000000000002
1015.0
2084.800000000001
1859.9999999999998
1113.2999999999993
4459.800000000001
4685.800000000001
1940.4000000000015
957.0
1028.699999999999
2180.8
2007.8000000000002
1070.1999999999998
545.4000000000005
1205.3000000000002
1994.4000000000015
3224.5999999999995
2070.800000000001
1836.1000000000004
1882.8999999999996
770.2999999999997
1641.1999999999998
1315.5
1133.7999999999997
1666.8000000000006
1181.399999999999
1487.199999999999
1587.3999999999987
4807.4
4789.8
1257.0
1290.4000000000003
1946.3999999999996
3021.3999999999996
1588.3000000000004
5878.599999999999
981.9000000000007
1467.299999999999
4803.2
5386.0
4795.999999999998
1445.8999999999996
3197.000000000001
1752.0000000000018
1725.2999999999993
2037.1000000000004
1378.4
1358.8000000000006
1467.8999999999992
1854.3999999999996
1698.7999999999993
1794.7999999999993
3575.0
1795.4999999999995
1500.6000000000004
4702.400000000001
3612.0
2063.7000000000007
1054.7999999999993
1483.8999999999999
5237.8
1802.6000000000013
1481.7999999999993
796.1999999999992
1096.1000000000004
926.1999999999996
1491.0
1734.7999999999965
443.20000000000175
602.8999999999993
1022.400000000001
1853.1999999999998
1250.3000000000006
1847.199999999999
1160.5
2594.1999999999985
1758.5999999999992
1334.6
5711.799999999999
814.7999999999977
2697.2999999999993
1351.3000000000002
-964.8000000000006
1243.5999999999995
4014.2000000000007
5213.0
1368.5999999999983
759.5000000000007
-541.6999999999944
5032.799999999999
740.4000000000012
1843.599999999999
5508.4000000000015
-624.9000000000009
-1299.9999999999968
328.39999999999964
-1675.400000000001
-348.79999999999666
-172.39999999999654
3822.7999999999993
-476.8000000000006
3398.999999999999
1596.599999999999
3353.1999999999994
-1895.6000000000022
3277.9999999999986
3200.0
-1371.6999999999987
-2723.400000000002
-2438.500000000003
4875.400000000001
5197.799999999998
-2142.100000000001
-836.6000000000012
-4295.000000000004
-3463.0
-2266.0000000000005
-962.4999999999976
-2057.2000000000016
-4196.2
-3428.1000000000013
-1710.2000000000005
-4599.8
-710.2999999999971
-2456.2999999999993
-1367.2999999999997
-1299.8000000000018
513.3999999999995
1476.000000000001
1128.600000000001
-1438.4000000000005
-4113.4000000000015
-4664.199999999997
-1283.999999999999
-22.200000000000315
3670.999999999998
-629.6000000000016
-2447.299999999999
5495.599999999999
-1443.8000000000009
4215.799999999998
901.5999999999988
5416.2
-2043.9999999999998
1175.8999999999994
-591.0999999999988
230.39999999999912
-4.799999999998448
4677.799999999999
5305.4
-815.2000000000012
-452.79999999999916
5684.0
17.60000000000042
880.0000000000001
4002.3999999999987
4708.1
4093.8999999999987
862.1999999999999
-170.89999999999992
4973.8
4314.0
-62.999999999998295
-222.99999999999972
802.1999999999992
1761.1999999999998
3812.2
596.9999999999989
3019.3999999999996
592.6000000000007
-392.09999999999945
3314.5999999999995
-175.80000000000223
279.0000000000008
650.6999999999981
3527.9000000000005
810.4999999999995
3612.1999999999994
5164.6
4770.6
-563.1999999999994
758.1999999999975
3499.7999999999997
4614.4
1680.6000000000008
5279.4
-712.5999999999988
-594.3999999999986
586.7999999999993
4842.8
-641.3000000000003
-111.599999999998
4600.400000000002
1480.199999999999
1494.1999999999996
-628.0000000000005
847.1999999999994
505.7000000000009
927.0000000000005
789.1999999999982
2505.6999999999985
911.7999999999986
3736.8
1742.9999999999982
1085.4000000000012
4635.999999999997
773.8000000000018
1672.5000000000005
50.59999999999914
215.90000000000148
1067.0000000000007
1691.2999999999995
797.8999999999976
482.8000000000002
1110.199999999998
1830.099999999999
380.7999999999997
51.19999999999693
1227.5
3850.5999999999985
786.6999999999994
960.0999999999979
1118.2000000000012
694.0999999999998
1078.0
1186.1000000000001
4571.5
1278.4999999999993
4810.799999999999
5226.6
1615.3999999999996
1457.9999999999986
1587.4
1340.7000000000012
959.699999999999
5016.799999999999
363.6000000000009
1600.3999999999996
1864.1999999999996
4845.0
4807.4
1166.6000000000006
1444.8000000000006
319.79999999999905
1353.1999999999987
1488.2000000000007
-244.19999999999942
1660.6999999999969
1767.4000000000005
5401.799999999999
1327.300000000001
1308.8999999999994
4891.400000000001
1468.6000000000004
692.2000000000005
1737.799999999999
1873.8999999999992
4443.200000000001
1751.8000000000002
-1491.0000000000018
5304.800000000001
-237.09999999999815
-1118.0000000000007
619.6000000000013
-25.100000000000357
-46.2000000000033
1485.799999999998
745.9999999999992
1767.2
-748.3999999999994
960.9999999999973
1899.8999999999996
-1566.5000000000014
1401.2000000000012
-715.4000000000011
1607.1000000000008
1307.7999999999965
1413.8000000000002
1907.7999999999995
1789.600000000001
956.5000000000007
750.5999999999983
2085.0
1986.800000000002
3043.399999999999
2089.4999999999995
1473.6000000000004
2204.3999999999996
2069.7000000000007
1907.800000000001
2101.800000000001
1904.9999999999995
2106.800000000001
1999.8000000000002
1672.999999999997
1576.9999999999982
1616.2999999999993
1595.0000000000011
2076.0999999999995
1462.800000000001
1418.699999999999
1683.3000000000002
1288.999999999998
1827.4000000000005
1621.9000000000005
4459.000000000001
2041.5999999999995
1610.4
1203.7000000000014
1474.0000000000002
1811.8000000000004
4298.4
1388.0
1232.4
939.8000000000002
1760.0
1516.3999999999996
1534.1999999999996
1824.1999999999994
935.599999999999
48.599999999999056
2042.8000000000002
-60.59999999999912
1797.0
664.4999999999991
1530.999999999999
1872.0
3451.0
4062.8
2037.8000000000006
1564.5
1733.1999999999994
1520.5999999999992
1870.1999999999998
4905.000000000001
5070.4
1100.0999999999992
1667.1999999999985
1980.9999999999982
4932.2
1845.5999999999995
1703.3999999999996
5301.600000000001
4609.2
1814.7000000000005
1604.5999999999985
360.40000000000055
1756.2000000000003
1932.8
1486.399999999999
1564.8000000000002
1823.7999999999993
2357.3999999999987
1801.0999999999995
1439.5999999999995
1762.9000000000005
1963.6000000000004
2131.999999999999
1424.3999999999996
1813.199999999999
2144.999999999998
2117.3999999999996
1196.6
89.29999999999879
732.9000000000016
1695.6
1881.8999999999996
1778.599999999999
3138.7999999999997
1850.1999999999998
1553.6999999999994
1821.6999999999998
777.5999999999992
1705.7999999999993
-906.0000000000011
1551.4999999999982
1207.1999999999994
1775.3999999999994
1804.6999999999987
1691.7000000000003
1811.9999999999982
1660.4000000000005
4457.799999999999
1419.7999999999993
1317.5999999999992
2138.6000000000013
970.6999999999998
1614.1999999999998
2169.600000000001
1520.3999999999987
1827.9000000000005
405.90000000000055
1874.0
1661.0
1561.1999999999998
1519.0
1615.3999999999992
2007.2000000000007
1566.3000000000002
1442.3000000000002
1702.5999999999995
1771.0999999999995
2152.6000000000004
1468.2999999999997
1421.3999999999999
1708.3999999999996
2161.2
1627.6999999999998
1350.000000000001
1431.4999999999982
5402.400000000001
2288.3999999999996
1208.9999999999993
1029.9999999999995
967.8999999999996
1791.200000000001
4946.4
1261.0999999999992
4734.4
1219.0999999999997
1633.4000000000003
1620.3999999999987
1234.5999999999995
1696.5999999999997
1168.6999999999994
1514.1
1801.6000000000013
1803.2000000000007
1890.6
1784.6999999999973
2568.6000000000004
1119.8999999999996
1162.0000000000014
1796.1999999999994
1762.8000000000002
6326.0
1126.5999999999988
1814.2000000000007
1920.999999999999
1931.0000000000018
1478.699999999999
2181.7999999999993
1489.8000000000002
1844.7999999999997
1276.4
1631.3999999999996
1448.1000000000004
1909.800000000001
1880.8000000000002
878.4000000000001
1430.5
1769.6000000000004
2049.5999999999995
1360.0999999999995
1593.3999999999987
2165.8999999999987
1849.2000000000007
1857.7999999999988
1188.0000000000005
244.70000000000078
2021.4000000000005
2076.1999999999994
1431.8000000000002
1515.6999999999994
1034.599999999999
1956.3999999999996
1838.6000000000004
1610.2000000000003
1891.0
1179.999999999999
779.0999999999981
1582.0000000000011
515.5000000000007
1599.0999999999997
60.40000000000046
1860.1999999999994
1453.0000000000005
1353.4000000000005
5639.599999999999
1252.4000000000008
1345.3000000000004
1696.6000000000013
4670.6
1989.000000000001
1995.599999999999
5038.8
1436.6999999999994
2184.6000000000004
2377.6000000000004
5089.999999999999
2157.2
1751.999999999999
2195.000000000001
4814.6
1689.1999999999998
1633.5
1390.000000000001
1696.9999999999982
2028.9000000000012
1832.7999999999993
1689.0999999999985
2793.2
2097.0
1767.3999999999996
1756.3999999999994
1863.1999999999982
2185.600000000002
3611.199999999999
1466.1000000000004
1964.499999999999
2335.8
2148.3999999999996
1449.6
1136.9999999999995
1149.8000000000004
1768.4000000000005
1427.3000000000004
-1489.1999999999975
1683.7999999999995
1399.1000000000008
1568.3999999999996
1491.4000000000012
-531.5000000000002
1264.3000000000002
783.9999999999997
1562.1999999999985
883.6000000000006
1406.5000000000005
1401.0
5501.8
1970.9000000000005
916.0000000000011
1111.4
1765.2000000000005
1813.9999999999995
3264.2000000000007
1206.3999999999996
1483.3
-51.999999999999375
2043.199999999999
1631.5000000000002
2797.3000000000006
1653.5999999999992
1542.0000000000014
4953.6
1540.499999999999
338.59999999999957
1280.6000000000015
3520.1000000000004
1791.600000000001
1188.599999999998
1290.5999999999995
4701.799999999999
1338.4000000000012
1128.4000000000012
1761.3999999999999
1504.6000000000008
1819.1000000000022
1243.7000000000007
1683.7999999999988
4390.8
5116.200000000001
2245.4000000000005
1254.4
226.69999999999942
5570.4
1555.0000000000007
1767.7999999999988
3824.7999999999993
1459.7999999999997
1692.7999999999995
941.5999999999999
944.9999999999997
1298.9999999999995
620.7999999999984
1644.1999999999998
896.2000000000005
1620.599999999999
5722.999999999999
4165.0
1952.4000000000005
1227.2999999999993
4507.4
2026.9999999999995
1343.8000000000004
1500.8000000000015
1435.7999999999993
4735.4
1910.4000000000005
4581.000000000001
1536.7000000000005
1621.9999999999986
3115.0
874.3000000000006
1314.4
761.1999999999989
1290.0000000000002
883.2000000000005
1946.6000000000013
1478.5999999999995
1120.0999999999992
1610.6000000000004
2054.2
-997.5999999999973
1465.5999999999995
1094.2000000000007
1796.6000000000008
1403.7999999999995
231.40000000000052
1501.9999999999995
5958.400000000001
5446.800000000001
1296.4000000000005
1555.3999999999996
748.5999999999989
362.4999999999992
1336.899999999998
1683.9999999999982
4322.999999999999
1552.7999999999984
1212.4000000000003
3239.4000000000005
-97.60000000000028
1377.6000000000001
630.6000000000008
984.0
4426.000000000001
1653.8000000000002
1303.9
5458.6
1774.8000000000002
1305.5999999999995
1598.5999999999985
3459.7999999999993
1696.7000000000007
4207.0
1424.000000000001
1896.5999999999985
1523.500000000001
2788.199999999998
1560.899999999997
1474.8000000000002
1758.0999999999995
3447.6000000000004
1275.8999999999996
1368.2000000000007
1637.2999999999997
1858.6000000000022
5214.6
1402.7999999999995
1485.6999999999998
1712.8000000000006
1867.7000000000007
1880.8000000000002
1914.8999999999996
1869.0
1601.9999999999982
4949.799999999999
1146.1000000000004
1747.5999999999995
2519.7999999999993
4813.9
1831.0
1570.4000000000005
665.0999999999995
2012.6000000000004
1829.7999999999997
1681.9999999999982
2077.4999999999995
1421.0999999999967
1059.7999999999988
1746.7999999999993
-120.40000000000032
1854.4
1164.8999999999996
1943.0
3231.4000000000005
1638.3999999999996
2027.7999999999993
4645.799999999999
1500.8999999999996
1540.1999999999998
2059.5999999999995
5275.000000000001
2077.6000000000004
2226.6000000000004
1243.6000000000004
1905.6000000000004
3875.3999999999996
2182.3999999999996
1610.0
1339.4000000000005
1954.2000000000003
1653.8000000000002
1568.0999999999995
1600.7999999999984
1857.5999999999995
1847.7000000000007
1939.7999999999993
1364.3999999999996
1509.1000000000004
1783.699999999999
1728.3000000000002
1572.4000000000003
1532.1999999999994
1796.8000000000009
4196.399999999999
1906.0000000000005
1622.9999999999995
1908.6999999999991
2089.400000000001
5022.2
1444.4
1295.6000000000004
1572.7999999999993
5177.4
1960.0000000000002
2051.2
4401.8
1865.3999999999996
1323.8000000000002
1985.000000000001
1374.1000000000001
1572.399999999999
1584.5999999999997
1640.7000000000007
1278.5
1473.999999999999
1852.1000000000004
1870.2000000000007
1596.2000000000035
1650.1999999999998
4538.8
1930.1999999999998
1989.8000000000002
4300.599999999999
1376.7999999999993
1806.6000000000004
1888.2000000000007
1966.2000000000007
4828.200000000001
5297.400000000001
2925.4000000000015
1586.099999999999
1562.9999999999975
814.6999999999998
1440.4999999999995
935.7999999999994
1947.0
1470.7999999999993
1715.3999999999996
1551.500000000001
1945.6000000000004
1405.000000000001
1907.3000000000002
1699.5000000000005
1874.6999999999998
1763.1000000000001
1515.499999999999
1433.399999999999
5320.6
1788.3999999999996
1313.3000000000015
1314.8999999999996
99.79999999999885
1527.9999999999984
1458.2
1348.7999999999995
2893.199999999999
1791.9999999999989
1268.8000000000002
1506.5999999999992
1436.2
1052.6
-10.799999999999947
1501.2999999999984
1709.8000000000004
1861.699999999999
1972.4
1913.4000000000003
1770.7000000000003
1493.5999999999995
3000.2000000000007
5419.4
1654.8000000000006
2465.199999999999
2560.0
5460.6
1404.800000000001
5151.599999999999
1880.1000000000004
1160.1
3548.6000000000004
1951.3999999999992
1460.2999999999997
1422.0
3448.3999999999996
1216.5999999999997
5317.6
2530.000000000002
391.29999999999905
1538.1999999999998
3956.5999999999995
1473.4000000000003
1863.7999999999993
1732.2000000000007
941.5000000000007
3078.4999999999995
1692.8000000000002
1199.4000000000008
887.0000000000007
1571.6000000000004
607.0000000000009
975.1999999999966
485.9000000000004
477.299999999999
1790.1999999999994
1947.4000000000015
5014.599999999999
1789.3999999999974
1496.3999999999994
613.3000000000011
-15.49999999999909
1242.6999999999998
-28.700000000000692
1421.2000000000023
1044.7
1420.3999999999983
5121.0
5036.400000000001
986.4000000000017
1094.8000000000025
1814.0
1430.1999999999987
1648.0999999999988
2402.6000000000013
1686.3000000000002
822.0000000000002
4699.799999999999
2291.199999999999
2002.3999999999999
1269.5000000000014
1895.0000000000011
1268.1000000000022
296.80000000000024
1954.1999999999998
-122.9999999999985
1917.4000000000005
5211.5999999999985
2003.4000000000003
2067.3
1753.2000000000012
1817.4000000000005
1484.7999999999993
2069.2
1218.3999999999996
1682.6000000000008
2347.6000000000004
1390.6999999999987
1227.799999999999
1914.3999999999996
2605.5999999999985
946.2000000000006
2482.3
728.2999999999996
2123.0
2897.7999999999997
2037.0
4900.599999999999
1894.2000000000007
1503.3000000000002
2414.7999999999993
1032.3000000000002
2102.2
1175.6999999999991
1712.7000000000007
1905.1999999999998
1832.0
2114.699999999999
4922.799999999999
2136.6
1811.8000000000002
1958.6000000000004
1977.3999999999996
2092.6000000000004
5797.4
1629.2000000000016
2171.3999999999996
1981.5999999999985
4921.5999999999985
3505.7999999999984
3644.1999999999994
12.999999999999048
1304.6000000000001
