-20217.0
-13646.0
-23250.0
-17008.0
-11209.0
-9771.0
-19642.0
-11860.0
-9893.0
-12337.0
-20739.0
-16089.0
-15426.0
-12565.0
-19560.0
-17340.0
-14359.0
-13105.0
-15902.0
-20975.0
-22330.0
-14741.0
-9400.0
-17885.0
-18852.0
-18386.0
-18117.0
-15560.0
-17967.0
-19203.0
-24906.0
-22725.0
-14243.0
-11488.0
-12942.0
-8419.0
-15926.0
-14420.0
-10055.0
-12488.0
-17111.0
-12500.0
-12670.0
-18303.0
-13063.0
-10564.0
-16349.0
-16616.0
-9189.0
-16686.0
-16796.0
-16458.0
-19225.0
-14820.0
-12648.0
-15247.0
-19093.0
-11316.0
-13991.0
-13471.0
-17035.0
-9719.0
-14126.0
-16159.0
-19676.0
-17323.0
-8860.0
-9432.0
-10241.0
-12780.0
-20366.0
-14286.0
-7899.0
-11577.0
-15775.0
-14308.0
-10962.0
-9632.0
-18617.0
-19657.0
-13463.0
-14996.0
-12320.0
-14561.0
-10386.0
-7130.0
-13379.0
-11099.0
-10058.0
-11933.0
-8115.0
-6920.0
-11923.0
-19356.0
-9953.0
-12357.0
-16597.0
-13132.0
-9674.0
-12703.0
-14054.0
-14395.0
-10990.0
-11270.0
-14341.0
-10153.0
-19034.0
-15307.0
-12670.0
-13053.0
-12228.0
-8217.0
-13553.0
-12863.0
-12338.0
-16653.0
-13535.0
-7950.0
-11849.0
-17550.0
-18638.0
-16281.0
-7170.0
-15223.0
-12208.0
-14042.0
-17604.0
-11852.0
-15263.0
-15289.0
-15699.0
-12192.0
-13240.0
-13885.0
-11606.0
-9621.0
-18016.0
-11467.0
-11838.0
-8422.0
-6936.0
-8278.0
-21698.0
-11113.0
-8563.0
-10571.0
-15905.0
-13833.0
-5578.0
-15726.0
-7928.0
-7436.0
-20340.0
-7778.0
-11154.0
-12843.0
-16566.0
-9339.0
-10032.0
-5891.0
-16472.0
-7786.0
-13061.0
-11779.0
-13852.0
-14971.0
-9141.0
-6758.0
-19979.0
-9433.0
-12597.0
-8496.0
-16138.0
-14072.0
-12085.0
-13241.0
-10473.0
-5792.0
-18094.0
-11900.0
-12893.0
-16130.0
-14712.0
-8137.0
-7974.0
-6289.0
-16882.0
-3467.0
-4444.0
-9984.0
-6328.0
-8657.0
-12467.0
-14493.0
-9015.0
-9522.0
-14167.0
-12797.0
-5875.0
-14342.0
-15923.0
-17368.0
-18667.0
-5319.0
-10876.0
-9879.0
-12929.0
-10283.0
-10615.0
-8037.0
-8494.0
-7930.0
-7750.0
-9242.0
-13000.0
-19926.0
-4614.0
-7226.0
-9139.0
-9472.0
-7192.0
-10011.0
-11249.0
-8819.0
-5155.0
-13194.0
-5694.0
-5680.0
-13055.0
-8923.0
-11735.0
-14175.0
-16094.0
-6157.0
-9448.0
-5154.0
-13770.0
-9729.0
-8142.0
-10149.0
-7302.0
-5329.0
-8787.0
-13241.0
-9235.0
-5239.0
-11173.0
-11982.0
-7135.0
-11581.0
-8490.0
-9186.0
-18094.0
-10226.0
-10323.0
-7902.0
-7687.0
-11308.0
-8176.0
-7809.0
-7414.0
-11279.0
-5491.0
-4518.0
-11690.0
-12050.0
-7559.0
-8046.0
-8477.0
-7845.0
-13608.0
-6915.0
-15099.0
-11768.0
-9776.0
-12283.0
-7295.0
-4085.0
-18717.0
-7182.0
-15522.0
-11069.0
-16030.0
-10531.0
-6465.0
-5845.0
-11722.0
-9452.0
-9919.0
-9665.0
-6042.0
-7278.0
-6556.0
-14600.0
-3859.0
-10828.0
-8730.0
-9792.0
-3754.0
-8503.0
-14501.0
-10686.0
-13226.0
-8279.0
-9994.0
-5506.0
-11704.0
-8809.0
-5799.0
-6883.0
-9328.0
-3661.0
-5532.0
-9253.0
-8606.0
-15800.0
-3504.0
-3620.0
-10297.0
-8012.0
-11469.0
-9593.0
-4813.0
-7404.0
-4451.0
-8526.0
-9598.0
-4963.0
-11341.0
-7073.0
-7923.0
-14518.0
-8969.0
-7678.0
-5585.0
-4967.0
-15708.0
-5888.0
-7123.0
-4803.0
-5820.0
-3216.0
-14078.0
-10968.0
-6058.0
-5156.0
-12248.0
-9174.0
-6725.0
-10147.0
-11074.0
-9381.0
-12934.0
-7827.0
-8065.0
-10331.0
-4683.0
-10424.0
-6412.0
-3886.0
-7362.0
-2786.0
-8375.0
-4872.0
-9999.0
-11025.0
-5262.0
-4896.0
-16572.0
-9189.0
-6573.0
-3983.0
-10704.0
-6120.0
-6797.0
-4258.0
-5284.0
-4532.0
-12552.0
-5611.0
-8679.0
-9819.0
-10596.0
-4904.0
-5571.0
-4757.0
-9562.0
-2749.0
-4851.0
-9182.0
-4051.0
-5779.0
-4591.0
-8730.0
-7560.0
-4543.0
-7601.0
-6233.0
-4459.0
-6201.0
-4953.0
-5759.0
-11988.0
-5919.0
-5296.0
-4222.0
-7018.0
-6249.0
-5429.0
-6332.0
-7649.0
-3790.0
-4107.0
-3974.0
-9545.0
-8952.0
-5085.0
-3201.0
-9525.0
-8219.0
-7332.0
-5950.0
-5952.0
-7894.0
-4429.0
-6939.0
-6961.0
-3950.0
-6624.0
-4000.0
-11067.0
-12072.0
-7382.0
-4043.0
-5565.0
-4502.0
-7245.0
-4581.0
-4225.0
-4498.0
-3751.0
-7250.0
-6669.0
-11786.0
-4837.0
-3910.0
-7529.0
-6243.0
-3804.0
-9190.0
-7390.0
-5244.0
-8095.0
-7091.0
-4293.0
-5041.0
-7867.0
-6517.0
-5033.0
-4435.0
-7774.0
-4247.0
-3520.0
-3099.0
-4478.0
-6558.0
-5983.0
-2924.0
-7635.0
-6234.0
-7405.0
-5496.0
-10246.0
-5860.0
-8891.0
-9048.0
-3780.0
-4020.0
-9406.0
-5153.0
-7148.0
-7971.0
-10941.0
-4197.0
-3355.0
-3505.0
-5289.0
-4437.0
-3314.0
-7917.0
-5520.0
-3967.0
-4468.0
-10475.0
-4077.0
-3578.0
-6865.0
-6200.0
-3800.0
-6640.0
-5043.0
-5546.0
-9408.0
-5763.0
-7335.0
-4356.0
-6250.0
-5555.0
-4445.0
-4080.0
-6699.0
-3761.0
-3999.0
-4010.0
-6728.0
-10156.0
-3287.0
-4149.0
-6330.0
-6707.0
-5273.0
-6083.0
-4691.0
-4408.0
-5423.0
-5802.0
-6109.0
-2960.0
-9958.0
-4528.0
-7909.0
-10761.0
-8345.0
-4253.0
-3109.0
-2992.0
-6310.0
-4423.0
-3704.0
-3644.0
-6171.0
-4146.0
-4073.0
-7209.0
-2479.0
-4046.0
-6216.0
-5413.0
-2896.0
-7583.0
-7690.0
-3688.0
-8439.0
-4231.0
-3282.0
-4144.0
-6191.0
-3646.0
-3583.0
-5244.0
-2884.0
-2523.0
-4297.0
-3775.0
-5907.0
-8808.0
-3485.0
-2617.0
-5639.0
-4858.0
-2653.0
-5794.0
-3389.0
-4752.0
-4433.0
-4893.0
-3410.0
-2499.0
-6803.0
-5691.0
-4642.0
-9720.0
-4263.0
-2356.0
-4151.0
-4554.0
-6447.0
-2569.0
-4315.0
-5479.0
-2886.0
-3608.0
-3538.0
-9577.0
-3619.0
-4934.0
-9216.0
-4467.0
-2759.0
-5031.0
-6421.0
-9783.0
-9205.0
-5142.0
-3404.0
-2854.0
-4439.0
-3047.0
-3389.0
-1997.0
-5117.0
-2746.0
-3311.0
-5198.0
-7142.0
-6007.0
-4289.0
-4607.0
-3463.0
-3810.0
-3532.0
-3202.0
-5142.0
-3825.0
-3538.0
-4203.0
-3783.0
-2847.0
-3971.0
-3996.0
-3996.0
-6942.0
-7740.0
-5339.0
-3137.0
-4102.0
-5363.0
-2649.0
-2478.0
-2977.0
-2793.0
-3754.0
-3714.0
-4392.0
-2172.0
-2462.0
-5644.0
-6175.0
-2543.0
-3973.0
-4898.0
-6019.0
-8142.0
-2718.0
-3277.0
-4149.0
-4001.0
-3771.0
-2719.0
-2489.0
-5639.0
-3867.0
-2486.0
-5116.0
-3748.0
-3525.0
-2578.0
-2489.0
-2707.0
-3056.0
-3129.0
-4960.0
-3549.0
-4155.0
-3830.0
-4648.0
-3333.0
-2615.0
-5531.0
-3568.0
-5378.0
-5935.0
-4896.0
-3697.0
-2448.0
-2296.0
-3542.0
-3878.0
-3804.0
-3169.0
-2629.0
-3486.0
-2905.0
-5831.0
-3093.0
-2272.0
-4246.0
-2658.0
-2428.0
-4501.0
-3515.0
-5276.0
-5999.0
-3941.0
-2710.0
-3220.0
-3297.0
-3267.0
-5047.0
-2604.0
-5437.0
-2636.0
-3370.0
-3111.0
-3164.0
-6341.0
-2700.0
-3531.0
-4557.0
-3310.0
-5064.0
-2586.0
-4575.0
-4707.0
-3958.0
-3576.0
-3667.0
-4417.0
-4893.0
-3166.0
-6768.0
-4680.0
-3595.0
-2321.0
-1995.0
-2673.0
-5866.0
-3380.0
-2372.0
-2087.0
-1647.0
-2198.0
-2825.0
-5607.0
-3363.0
-2676.0
-6170.0
-3738.0
-2234.0
-3507.0
-3012.0
-3209.0
-5439.0
-2711.0
-2710.0
-2598.0
-4674.0
-3586.0
-2026.0
-2330.0
-3523.0
-2582.0
-3366.0
-2779.0
-4853.0
-6490.0
-4545.0
-1815.0
-2983.0
-2861.0
-6747.0
-3565.0
-2321.0
-3463.0
-1911.0
-2935.0
-5804.0
-2368.0
-3329.0
-3722.0
-3925.0
-5588.0
-4327.0
-2342.0
-1974.0
-1901.0
-3192.0
-2178.0
-2272.0
-3347.0
-1893.0
-3421.0
-3314.0
-5236.0
-2054.0
-3088.0
-3362.0
-4235.0
-2841.0
-3298.0
-2263.0
-2643.0
-5240.0
-2216.0
-3682.0
-2142.0
-3939.0
-3282.0
-2011.0
-3007.0
-3480.0
-2058.0
-2143.0
-1809.0
-2618.0
-4189.0
-1810.0
-1786.0
-2611.0
-2950.0
-3304.0
-3804.0
-2735.0
-4197.0
-1589.0
-3860.0
-2652.0
-1949.0
-3550.0
-2206.0
-3454.0
-4307.0
-2219.0
-2715.0
-2354.0
-2393.0
-2244.0
-2894.0
-3483.0
-2841.0
-1869.0
-1863.0
-2402.0
-2993.0
-2937.0
-1910.0
-2807.0
-3127.0
-2233.0
-2637.0
-2963.0
-2008.0
-5641.0
-2893.0
-2289.0
-1996.0
-3493.0
-2887.0
-3497.0
-2151.0
-4074.0
-2130.0
-3249.0
-2904.0
-3169.0
-3521.0
-2442.0
-2360.0
-2974.0
-2493.0
-3550.0
-3098.0
-2384.0
-2937.0
-1912.0
-3042.0
-2620.0
-1935.0
-5542.0
-2493.0
-3868.0
-3153.0
-2998.0
-2563.0
-2556.0
-2442.0
-2355.0
-3435.0
-2048.0
-3522.0
-2707.0
-1940.0
-2390.0
-3275.0
-2969.0
-2319.0
-3271.0
-2698.0
-1856.0
-2281.0
-2085.0
-2661.0
-4095.0
-2176.0
-1888.0
-1868.0
-4362.0
-1867.0
-2223.0
-1931.0
-2130.0
-1552.0
-2321.0
-2319.0
-4043.0
-4997.0
-2231.0
-2169.0
-3643.0
-3051.0
-3457.0
-2064.0
-2954.0
-3421.0
-2511.0
-3454.0
-3361.0
-2277.0
-3012.0
-1892.0
-3769.0
-4675.0
-3084.0
-2298.0
-3069.0
-2035.0
-2407.0
-3823.0
-1635.0
-2378.0
-1700.0
-1817.0
-2397.0
-3383.0
-2364.0
-1946.0
-3300.0
-2018.0
-2879.0
-2987.0
-3561.0
-3194.0
-3174.0
-1815.0
-2787.0
-1717.0
-3112.0
-3236.0
-1986.0
-1987.0
-2372.0
-2061.0
-2087.0
-1948.0
-2742.0
-3497.0
-1550.0
-2181.0
-2787.0
-2541.0
-2980.0
-2015.0
-2449.0
-3075.0
-2354.0
-3392.0
-2186.0
-2387.0
-2947.0
-2340.0
-4095.0
-2425.0
-1968.0
-2144.0
-1892.0
-2122.0
-1957.0
-2474.0
-2277.0
-2431.0
-2092.0
-1839.0
-2367.0
-2281.0
-1982.0
-2042.0
-1692.0
-2522.0
-2535.0
-1959.0
-3846.0
-3234.0
-2815.0
-2058.0
-2317.0
-2076.0
-2786.0
-2041.0
-2413.0
-1618.0
-2061.0
-1873.0
-1658.0
-2621.0
-2438.0
-3900.0
-1923.0
-1856.0
-3227.0
-2476.0
-2355.0
-2752.0
-2593.0
-3614.0
-2581.0
-2230.0
-2477.0
-2025.0
-3777.0
-2762.0
-2460.0
-3743.0
-2485.0
-2047.0
-2264.0
-1742.0
-3606.0
-1882.0
-2453.0
-1699.0
-1974.0
-1720.0
-2510.0
-4012.0
-1961.0
-2124.0
-2545.0
-2714.0
-2214.0
-2538.0
-2083.0
-1977.0
-3628.0
-1954.0
-2334.0
-1741.0
-3039.0
-1771.0
-2111.0
-2098.0
-3372.0
-2084.0
-2380.0
-1929.0
-3349.0
-2553.0
-3117.0
-1806.0
-2210.0
-3564.0
-2385.0
-2258.0
-1767.0
-2992.0
-1996.0
-3739.0
-3055.0
-2070.0
-4073.0
-2461.0
-2927.0
-3361.0
-2169.0
-1935.0
-1816.0
-2044.0
-2307.0
-1833.0
-2818.0
-2272.0
-1746.0
-2599.0
-2473.0
-3618.0
-1872.0
-1557.0
-2926.0
-2834.0
-1794.0
-2396.0
-3485.0
-2201.0
-4740.0
-1705.0
-2264.0
-1915.0
-2699.0
-3024.0
-1751.0
-2221.0
-2549.0
-1786.0
-1770.0
-2099.0
-2104.0
-3552.0
-2134.0
-2977.0
-1845.0
-2247.0
-2288.0
-1675.0
-2462.0
-3521.0
-2153.0
-2200.0
-2596.0
-1376.0
-2325.0
-2291.0
-3462.0
-3316.0
-3015.0
-2885.0
-1904.0
-2231.0
-2659.0
-2350.0
-2050.0
-2041.0
-2098.0
-2278.0
-3115.0
-3442.0
-2008.0
-1756.0
-3038.0
-3023.0
-1643.0
-1687.0
-2748.0
-1980.0
-4618.0
-4199.0
-2602.0
-1676.0
-2609.0
-2577.0
-1746.0
-1930.0
-2860.0
-1450.0
-1876.0
-1837.0
-4172.0
-2098.0
-1818.0
-1624.0
-1958.0
-2805.0
-1912.0
-2093.0
-1650.0
-2752.0
-1844.0
-2377.0
-2512.0
-2107.0
-2636.0
-2285.0
-2053.0
-2723.0
-2530.0
-2408.0
-1669.0
-2497.0
-2281.0
-2095.0
-1809.0
-1940.0
-2004.0
-1992.0
-2238.0
-2874.0
-2705.0
-1793.0
-2458.0
-2076.0
-1634.0
-2084.0
-2642.0
-1953.0
-3447.0
-2047.0
-1926.0
-2109.0
-2624.0
-2005.0
-3222.0
-1580.0
-2866.0
-2041.0
-3158.0
-1602.0
-2472.0
-2509.0
-2165.0
-2482.0
-2652.0
-2693.0
-2238.0
-2267.0
-1840.0
-2452.0
-2074.0
-2331.0
-2088.0
-1538.0
-2857.0
-1963.0
-2689.0
-3356.0
-2461.0
-2073.0
-1647.0
-2445.0
-2031.0
-1725.0
-1533.0
-1576.0
-1626.0
-1556.0
-1700.0
-3051.0
-1811.0
-1410.0
-2617.0
-1750.0
-1517.0
-2110.0
-2073.0
-1673.0
-3618.0
-1786.0
-1628.0
-1887.0
-2507.0
-1558.0
-1906.0
-1687.0
-2151.0
-2664.0
-1608.0
-1897.0
-2411.0
-2324.0
-1543.0
-1915.0
-2050.0
-1877.0
-2090.0
-1653.0
-1646.0
-1843.0
-1619.0
-2169.0
-1879.0
-1632.0
-2271.0
-1759.0
-2847.0
-3104.0
-2122.0
-1503.0
-1993.0
-1569.0
-3201.0
-1988.0
-1745.0
-1711.0
-1683.0
-1702.0
-1882.0
-2473.0
-1955.0
-1565.0
-2382.0
-1906.0
-1931.0
-2558.0
-2803.0
-2358.0
-5060.0
-1931.0
-2678.0
-1968.0
-3189.0
-2725.0
-1778.0
-1660.0
-1893.0
-1885.0
-1506.0
-2231.0
-1886.0
-3485.0
-1782.0
-1884.0
-1827.0
-1902.0
-2399.0
-1884.0
-1900.0
-3091.0
-2192.0
-2073.0
-2380.0
-1735.0
-2959.0
-2110.0
-3476.0
-3226.0
-2448.0
-1708.0
-1927.0
-2075.0
-3203.0
-2089.0
-1789.0
-1744.0
-1746.0
-1706.0
-1849.0
-2634.0
-1677.0
-1622.0
-2869.0
-2176.0
-1993.0
-2740.0
-2765.0
-1734.0
-3032.0
-2360.0
-1750.0
-2340.0
-4113.0
-2553.0
-3120.0
-1729.0
-1953.0
-1754.0
-2003.0
-1531.0
-2886.0
-1799.0
-1785.0
-2026.0
-1747.0
-2477.0
-2370.0
-2043.0
-1959.0
-2202.0
-2090.0
-2314.0
-3105.0
-1545.0
-2153.0
-2655.0
-3093.0
-3363.0
-2311.0
-2205.0
-2164.0
-1818.0
-2133.0
-2501.0
-2049.0
-1855.0
-2502.0
-1831.0
-1996.0
-2206.0
-1460.0
-2248.0
-2017.0
-2595.0
-1509.0
-2141.0
-1699.0
-1753.0
-2695.0
-1862.0
-1846.0
-2267.0
-2704.0
-1787.0
-1922.0
-1870.0
-1932.0
-1559.0
-1515.0
-2505.0
-1710.0
-2100.0
-2130.0
-1935.0
-1810.0
-2094.0
-1744.0
-2319.0
-2164.0
-1740.0
-1601.0
-2205.0
-1670.0
-2746.0
-3091.0
-2214.0
-2212.0
-3283.0
-1942.0
-1546.0
-1695.0
-1720.0
-1848.0
-1903.0
-1462.0
-1611.0
-2215.0
-1653.0
-1592.0
-2371.0
-1486.0
-1776.0
-2746.0
-1773.0
-1589.0
-1822.0
-1535.0
-1857.0
-2442.0
-1431.0
-1680.0
-1807.0
-2626.0
-1647.0
-1816.0
-1600.0
-2005.0
-1471.0
-1884.0
-1675.0
-2583.0
-2483.0
-1947.0
-1448.0
-1869.0
-1811.0
-1809.0
-1691.0
-2340.0
-2785.0
-1696.0
-1970.0
-2255.0
-1899.0
-3174.0
-2128.0
-2662.0
-2599.0
-2495.0
-1637.0
-1785.0
-1744.0
-3550.0
-1789.0
-1971.0
-1699.0
-2813.0
-1773.0
-1939.0
-2559.0
-1445.0
-1769.0
-2086.0
-1532.0
-1673.0
-2216.0
-3265.0
-2134.0
-2565.0
-1831.0
-1596.0
-1960.0
-3025.0
-1572.0
-1445.0
-1539.0
-2616.0
-1461.0
-1622.0
-1785.0
-1756.0
-2180.0
-1719.0
-1613.0
-1923.0
-2969.0
-2612.0
-1607.0
-1673.0
-1623.0
-1515.0
-1795.0
-2358.0
-1875.0
-2080.0
-1617.0
-2059.0
-2594.0
-2170.0
-1464.0
-1448.0
-1397.0
-1742.0
-1765.0
-1605.0
-2043.0
-1770.0
-1846.0
-2137.0
-2609.0
-1576.0
-1837.0
-2764.0
-1450.0
-2066.0
-2058.0
-2021.0
-1927.0
-2114.0
-1824.0
-1698.0
-1408.0
-3013.0
-1558.0
-1516.0
-1913.0
-1873.0
-1415.0
-1465.0
-1455.0
-2302.0
-2073.0
-1830.0
-1392.0
-1778.0
-1901.0
-1953.0
-2753.0
-2212.0
-1998.0
-1955.0
-3041.0
-1966.0
-1604.0
-2137.0
-2103.0
-2041.0
-2129.0
-1813.0
-1690.0
-1732.0
-1654.0
-1843.0
-1581.0
-1610.0
-1873.0
-1760.0
-2169.0
-1836.0
-2664.0
-1678.0
-1433.0
-2219.0
-1509.0
-1518.0
-2049.0
-1499.0
-1762.0
-2670.0
-1824.0
-1481.0
-1510.0
-2556.0
-1633.0
-1933.0
-1602.0
-1965.0
-1575.0
-1630.0
-2017.0
-2443.0
-2381.0
-1728.0
-1620.0
-2662.0
-1819.0
-1631.0
-1665.0
-2735.0
-2607.0
-2134.0
-2140.0
-2761.0
-1881.0
-2177.0
-1891.0
-3201.0
-2796.0
-3917.0
-1753.0
-1496.0
-1392.0
-2152.0
-2389.0
-1494.0
-3286.0
-2423.0
-1778.0
-4164.0
-4406.0
-1495.0
-1637.0
-1925.0
-2443.0
-1644.0
-2279.0
-2103.0
-1711.0
-2468.0
-1611.0
-1697.0
-1514.0
-2668.0
-1730.0
-1737.0
-1535.0
-1558.0
-1455.0
-1321.0
-1423.0
-1892.0
-1897.0
-1457.0
-1476.0
-1433.0
-2665.0
-1887.0
-2138.0
-2189.0
-1469.0
-2003.0
-2212.0
-2068.0
-1449.0
-4316.0
-2049.0
-2759.0
-3142.0
-4215.0
-1611.0
-1558.0
-1515.0
-1666.0
-1778.0
-1348.0
-1557.0
-1915.0
-1378.0
-2321.0
-2607.0
-1733.0
-1455.0
-2336.0
-1726.0
-1833.0
-2059.0
-2443.0
-1893.0
-2244.0
-1574.0
-1994.0
-1351.0
-2046.0
-1725.0
-1601.0
-1869.0
-2076.0
-1523.0
-1422.0
-2475.0
-1528.0
-2458.0
-1527.0
-1699.0
-2501.0
-2499.0
-1956.0
-1824.0
-2075.0
-1512.0
-2119.0
-2549.0
-2226.0
-1500.0
-2838.0
-1952.0
-2558.0
-2336.0
-2636.0
-1850.0
-1502.0
-1387.0
-1496.0
-1430.0
-1337.0
-1383.0
-1597.0
-1395.0
-1640.0
-2592.0
-1457.0
-1386.0
-2174.0
-1631.0
-1458.0
-2037.0
-1408.0
-1632.0
-2229.0
-1506.0
-1536.0
-1424.0
-2740.0
-1537.0
-1531.0
-1511.0
-3542.0
-2035.0
-1497.0
-2851.0
-1624.0
-2338.0
-1460.0
-1685.0
-1624.0
-1881.0
-2529.0
-1699.0
-1520.0
-1866.0
-1690.0
-1659.0
-1984.0
-1495.0
-2286.0
-2526.0
-1931.0
-2517.0
-2511.0
-1584.0
-1368.0
-1455.0
-1747.0
-1641.0
-1475.0
-1406.0
-1450.0
-1378.0
-1645.0
-1541.0
-1435.0
-1395.0
-1767.0
-2071.0
-1455.0
-1601.0
-1360.0
-1487.0
-2191.0
-1447.0
-1400.0
-1361.0
-2223.0
-1491.0
-2056.0
-1413.0
-1802.0
-1490.0
-1429.0
-1526.0
-1618.0
-1577.0
-1486.0
-1797.0
-1761.0
-1838.0
-1658.0
-1584.0
-1687.0
-1496.0
-1583.0
-1667.0
-2050.0
-1652.0
-1665.0
-1630.0
-2116.0
-2826.0
-2125.0
-1515.0
-2093.0
-1881.0
-1699.0
-2193.0
-1428.0
-1636.0
-1692.0
-1362.0
-1840.0
-2049.0
-1470.0
-1415.0
-2139.0
-2014.0
-1434.0
-1706.0
-2005.0
-1452.0
-2129.0
-1530.0
-1622.0
-1492.0
-2282.0
-1394.0
-1360.0
-1534.0
-1607.0
-1412.0
-1493.0
-1401.0
-1841.0
-2153.0
-1441.0
-1492.0
-1545.0
-1754.0
-2010.0
-1459.0
-2268.0
-1690.0
-1562.0
-1873.0
-2202.0
-1583.0
-2659.0
-1739.0
-2041.0
-2201.0
-2308.0
-1323.0
-1397.0
-1638.0
-1770.0
-1593.0
-1883.0
-1517.0
-1446.0
-1629.0
-2281.0
-1896.0
-1467.0
-1715.0
-1700.0
-1573.0
-1528.0
-2164.0
-2320.0
-1697.0
-2182.0
-1950.0
-1404.0
-2074.0
-2538.0
-2320.0
-1437.0
-1398.0
-1761.0
-1586.0
-1497.0
-1544.0
-1482.0
-1398.0
-1381.0
-1806.0
-1597.0
-2201.0
-1764.0
-1397.0
-1555.0
-1465.0
-1803.0
-1626.0
-1498.0
-1624.0
-1887.0
-2030.0
-2394.0
-2394.0
-1704.0
-1422.0
-1390.0
-1392.0
-3253.0
-1885.0
-1429.0
-1346.0
-1429.0
-1428.0
-1715.0
-1985.0
-1877.0
-1595.0
-1627.0
-1812.0
-1431.0
-1432.0
-1571.0
-1669.0
-2412.0
-1419.0
-1554.0
-1425.0
-2236.0
-1369.0
-1826.0
-1677.0
-1919.0
-1969.0
-1314.0
-2519.0
-1417.0
-2083.0
-1659.0
-1567.0
-2772.0
-1718.0
-1632.0
-1687.0
-1817.0
-1614.0
-1712.0
-1661.0
-1506.0
-1392.0
-1729.0
-1524.0
-2162.0
-2284.0
-1749.0
-1475.0
-1643.0
-1732.0
-1698.0
-1470.0
-1839.0
-1640.0
-1610.0
-1364.0
-2367.0
-1858.0
-1646.0
-2001.0
-1670.0
-1583.0
-1691.0
-2353.0
-1436.0
-1666.0
-2220.0
-1562.0
-1521.0
-1593.0
-2703.0
-1470.0
-1711.0
-1685.0
-1570.0
-1494.0
-1581.0
-1697.0
-1808.0
-1712.0
-1444.0
-1420.0
-1718.0
-2041.0
-1612.0
-1377.0
-1783.0
-1518.0
-1427.0
-1636.0
-1485.0
-1418.0
-2125.0
-1864.0
-1904.0
-2154.0
-1661.0
-1461.0
-1932.0
-1392.0
-1843.0
-1552.0
-1444.0
-3416.0
-1608.0
-1552.0
-1637.0
-2146.0
-2046.0
-1505.0
-2267.0
-1977.0
-1695.0
-1679.0
-1650.0
-2530.0
-2539.0
-1718.0
-1636.0
-1820.0
-2165.0
-1394.0
-3150.0
-1523.0
-1840.0
-1529.0
-1443.0
-1399.0
-1537.0
-1752.0
-1527.0
-1424.0
-1693.0
-1926.0
-1736.0
-1501.0
-1573.0
-1619.0
-1611.0
-1517.0
-1743.0
-1390.0
-1845.0
-1327.0
-1949.0
-1912.0
-1903.0
-1421.0
-1479.0
-1379.0
-1960.0
-1604.0
-1805.0
-1357.0
-1412.0
-1468.0
-1407.0
-2392.0
-1577.0
-1384.0
-2038.0
-2107.0
-1355.0
-1829.0
-1895.0
-1615.0
-2002.0
-1505.0
-1315.0
-1477.0
-2201.0
-1583.0
-1620.0
-1689.0
-1582.0
-1479.0
-1898.0
-1546.0
-1811.0
-2710.0
-1566.0
-1726.0
-1761.0
-2464.0
-2511.0
-1977.0
-2160.0
-2032.0
-1505.0
-1355.0
-1551.0
-1767.0
-1723.0
-1865.0
-2280.0
-2360.0
-2259.0
-1732.0
-1504.0
-1633.0
-1773.0
-1735.0
-1486.0
-1512.0
-1406.0
-1462.0
-1600.0
-1842.0
-1464.0
-1499.0
-1993.0
-1416.0
-3649.0
-1733.0
-1476.0
-1665.0
-3306.0
-1594.0
-1619.0
-1613.0
-3327.0
-1562.0
-1691.0
-1851.0
-1556.0
-1578.0
-1599.0
-2136.0
-2649.0
-1678.0
-1516.0
-1373.0
-1542.0
-2148.0
-2243.0
-1585.0
-1518.0
-1516.0
-1511.0
-1682.0
-1508.0
-1477.0
-1642.0
-1431.0
-3264.0
-2223.0
-1817.0
-1540.0
-1809.0
-1816.0
-1366.0
-1707.0
-1522.0
-1512.0
-1401.0
-1403.0
-1467.0
-2254.0
-1622.0
-1435.0
-1883.0
-1888.0
-1477.0
-1678.0
-1614.0
-2950.0
-2638.0
-1720.0
-2037.0
-2054.0
-3076.0
-1793.0
-2127.0
-1505.0
-1954.0
-2253.0
-1664.0
-1847.0
-1925.0
-1718.0
-2042.0
-1947.0
-1739.0
-1988.0
-1851.0
-2068.0
-1533.0
-2089.0
-1483.0
-1667.0
-1503.0
-1818.0
-1940.0
-2059.0
-1926.0
-2639.0
-2183.0
-1364.0
-1595.0
-1627.0
-1666.0
-1994.0
-1905.0
-2033.0
-1456.0
-1572.0
-1544.0
-1893.0
-1439.0
-1588.0
-1738.0
-1382.0
-1431.0
-1565.0
-1426.0
-1685.0
-2239.0
-1670.0
-1685.0
-1539.0
-2376.0
-1487.0
-1475.0
-1557.0
-1745.0
-1627.0
-1935.0
-1351.0
-1691.0
-2157.0
-1431.0
-1964.0
-1445.0
-1664.0
-1741.0
-2447.0
-1501.0
-2292.0
-1488.0
-1822.0
-1700.0
-1623.0
-2002.0
-1506.0
-2773.0
-2241.0
-1658.0
-1574.0
-1638.0
-1896.0
-1621.0
-1956.0
-1472.0
-1668.0
-1501.0
-1591.0
-1929.0
-2047.0
-1688.0
-1438.0
-1843.0
-1782.0
-1487.0
-1843.0
-1948.0
-1872.0
-1866.0
-1536.0
-1731.0
-1604.0
-3495.0
-1382.0
-1440.0
-1532.0
-1357.0
-1476.0
-1751.0
-1337.0
-1974.0
-1359.0
-1526.0
-1695.0
-1528.0
-1668.0
-2419.0
-2333.0
-1473.0
-1577.0
-1377.0
-1646.0
-2037.0
-1626.0
-2954.0
-1565.0
-4054.0
-1634.0
-1678.0
-1451.0
-1954.0
-1537.0
-1820.0
-1762.0
-1410.0
-2575.0
-1642.0
-2626.0
-1761.0
-1610.0
-2039.0
-1597.0
-1827.0
-1670.0
-1529.0
-1847.0
-1765.0
-2944.0
-2633.0
-2865.0
-1742.0
-2433.0
-3401.0
-2095.0
-1631.0
-2139.0
-1434.0
-1824.0
-1852.0
-2016.0
-1498.0
-1356.0
-1338.0
-1450.0
-1516.0
-1624.0
-2041.0
-1542.0
-1425.0
-1918.0
-1366.0
-1604.0
-1456.0
-1324.0
-1714.0
-1471.0
-2256.0
-1435.0
-1372.0
-1448.0
-1339.0
-1271.0
-1454.0
-1484.0
-1496.0
-1596.0
-1500.0
-1367.0
-1571.0
-1558.0
-1358.0
-1315.0
-1539.0
-1440.0
-1431.0
-1607.0
-2050.0
-1487.0
-1901.0
-1893.0
-1686.0
-1452.0
-2615.0
-1307.0
-1336.0
-1612.0
-1523.0
-2476.0
-1914.0
-1296.0
-1751.0
-1577.0
-1532.0
-2330.0
-1782.0
-1731.0
-1694.0
-2004.0
-1647.0
-1521.0
-1472.0
-2165.0
-1530.0
-1515.0
-1911.0
-1395.0
-2036.0
-1535.0
-1809.0
-2371.0
-1750.0
-1419.0
-1300.0
-1412.0
-1426.0
-1637.0
-1435.0
-1427.0
-1504.0
-1390.0
-1577.0
-1359.0
-1569.0
-1456.0
-1499.0
-2550.0
-1586.0
-2286.0
-1753.0
-1433.0
-1797.0
-1479.0
-1858.0
-1362.0
-1360.0
-2299.0
-1639.0
-1376.0
-1341.0
-1374.0
-1888.0
-2366.0
-1486.0
-1374.0
-1593.0
-2090.0
-2091.0
-1749.0
-1521.0
-1868.0
-1409.0
-2365.0
-2609.0
-1664.0
-1803.0
-1807.0
-2288.0
-2087.0
-1965.0
-1380.0
-1426.0
-1401.0
-1485.0
-1592.0
-1611.0
-1483.0
-1399.0
-1327.0
-1897.0
-1538.0
-1405.0
-1432.0
-1545.0
-1889.0
-1489.0
-1736.0
-2790.0
-1543.0
-2358.0
-2401.0
-1454.0
-1924.0
-3109.0
-2037.0
-1466.0
-1462.0
-1386.0
-1595.0
-1456.0
-1684.0
-1572.0
-1357.0
-1402.0
-1745.0
-1607.0
-2874.0
-1782.0
-1428.0
-1841.0
-1493.0
-1419.0
-1790.0
-1757.0
-1507.0
-1966.0
-1574.0
-2474.0
-1798.0
-2011.0
-1897.0
-1659.0
-1813.0
-1383.0
-1676.0
-1718.0
-1923.0
-1507.0
-1534.0
-3025.0
-1962.0
-1583.0
-1523.0
-3072.0
-1529.0
-1850.0
-3169.0
-2149.0
-1984.0
-2040.0
-1620.0
-1315.0
-2187.0
-2219.0
-2222.0
-1753.0
-1764.0
-1550.0
-1778.0
-1458.0
-1543.0
-2165.0
-2045.0
-1759.0
-1443.0
-2086.0
-3169.0
-2699.0
-1747.0
-1453.0
-1613.0
-1602.0
-1709.0
-1580.0
-1606.0
-1862.0
-1482.0
-2224.0
-1643.0
-1649.0
-1600.0
-1566.0
-1521.0
-1425.0
-1762.0
-1823.0
-1484.0
-1862.0
-1570.0
-1458.0
-1580.0
-1744.0
-2029.0
-1784.0
-1787.0
-1620.0
-1587.0
-1893.0
-1493.0
-1933.0
-1647.0
-2108.0
-1665.0
-2485.0
-2849.0
-1424.0
-1668.0
-1536.0
-2212.0
-1800.0
-1641.0
-1853.0
-2196.0
-1403.0
-1907.0
-1411.0
-1851.0
-1685.0
-1646.0
-2003.0
-1611.0
-1620.0
-1609.0
-1584.0
-1469.0
-2318.0
-1415.0
-2196.0
-1795.0
-1612.0
-1443.0
-1461.0
-1442.0
-1326.0
-1594.0
-1527.0
-1631.0
-1474.0
-1599.0
-1577.0
-2323.0
-2076.0
-1006.0
-2824.0
-1382.0
-1503.0
-1688.0
-2798.0
-1495.0
-1996.0
-1646.0
-1526.0
-1638.0
-2499.0
-2363.0
-1767.0
-2144.0
-2045.0
-2313.0
-1639.0
-2193.0
-1702.0
-4641.0
-1954.0
-1440.0
-1961.0
-2097.0
-1926.0
-2064.0
-1489.0
-1438.0
-1604.0
-1938.0
-1718.0
-1539.0
-1943.0
-1687.0
-2014.0
-1805.0
-1655.0
-1678.0
-1701.0
-1694.0
-1283.0
-1519.0
-2510.0
-1984.0
-1618.0
-1424.0
-1995.0
-1798.0
-1505.0
-1520.0
-1847.0
-1593.0
-1897.0
-1369.0
-1447.0
-1851.0
-1798.0
-1570.0
-1569.0
-1563.0
-2263.0
-1326.0
-1465.0
-1491.0
-2262.0
-1388.0
-1456.0
-1391.0
-1646.0
-1921.0
-1527.0
-1432.0
-1826.0
-2033.0
-1858.0
-1194.0
-1601.0
-1409.0
-1910.0
-1798.0
-1454.0
-1569.0
-1758.0
-1365.0
-2143.0
-1688.0
-1553.0
-1316.0
-1344.0
-1290.0
-1410.0
-1514.0
-1344.0
-1490.0
-1419.0
-1537.0
-1572.0
-1521.0
-1374.0
-1528.0
-1929.0
-1681.0
-1812.0
-1678.0
-1660.0
-1448.0
-1875.0
-1500.0
-1343.0
-1446.0
-2215.0
-1220.0
-1640.0
-1554.0
-1625.0
-1436.0
-1360.0
-1447.0
-1452.0
-1198.0
-1588.0
-1364.0
-1800.0
-1416.0
-1840.0
-1510.0
-1414.0
-1627.0
-1459.0
-1751.0
-1832.0
-1809.0
-1679.0
-1425.0
-2174.0
-1433.0
-1604.0
-2030.0
-1375.0
-1380.0
-1339.0
-1439.0
-1639.0
-1308.0
-1565.0
-1383.0
-1426.0
-1599.0
-2158.0
-1474.0
-1362.0
-1441.0
-1353.0
-1656.0
-1805.0
-1636.0
-2003.0
-1469.0
-1128.0
-1499.0
-2284.0
-1642.0
-1639.0
-1377.0
-1284.0
-1439.0
-1376.0
-1311.0
-1526.0
-1885.0
-1378.0
-1779.0
-1415.0
-1661.0
-1790.0
-1924.0
-1419.0
-1354.0
-1506.0
-1489.0
-1448.0
-1576.0
-2043.0
-1723.0
-2105.0
-1884.0
-2248.0
-1540.0
-1758.0
-1407.0
-1756.0
-1565.0
-1322.0
-2288.0
-1722.0
-1612.0
-1629.0
-1715.0
-1498.0
-1389.0
-1371.0
-1275.0
-1461.0
-1308.0
-1302.0
-1457.0
-1999.0
-1593.0
-1338.0
-1343.0
-2198.0
-1297.0
-1657.0
-1475.0
-1551.0
-1378.0
-2108.0
-1422.0
-1594.0
-1524.0
-1532.0
-1394.0
-1704.0
-1448.0
-1956.0
-1532.0
-1450.0
-1450.0
-1496.0
-1418.0
-1583.0
-1341.0
-1839.0
-1438.0
-2360.0
-1592.0
-1393.0
-1499.0
-1470.0
-1609.0
-1917.0
-1418.0
-1385.0
-1359.0
-1412.0
-1550.0
-1642.0
-1753.0
-1377.0
-1481.0
-1317.0
-1293.0
-1298.0
-1690.0
-1501.0
-1685.0
-1618.0
-2159.0
-1385.0
-1524.0
-1933.0
-1288.0
-1043.0
-1537.0
-1550.0
-1875.0
-1428.0
-1873.0
-1644.0
-1826.0
-1547.0
-1553.0
-1979.0
-2002.0
-2173.0
-1611.0
-2174.0
-1909.0
-2056.0
-1686.0
-1525.0
-1551.0
-2086.0
-1350.0
-2716.0
-1932.0
-1554.0
-1838.0
-1417.0
-1472.0
-1279.0
-1752.0
-1383.0
-1651.0
-1806.0
-1745.0
-2173.0
-1449.0
-1705.0
-1525.0
-1276.0
-1375.0
-1361.0
-1532.0
-1728.0
-1562.0
-1400.0
-1567.0
-1389.0
-2276.0
-2298.0
-1795.0
-1337.0
-1575.0
-1705.0
-1455.0
-1423.0
-1373.0
-1751.0
-2348.0
-1357.0
-1505.0
-1575.0
-1608.0
-1686.0
-1399.0
-1397.0
-1268.0
-1426.0
-1452.0
-1439.0
-1424.0
-1919.0
-1378.0
-2259.0
-1882.0
-1620.0
-1433.0
-1409.0
-1699.0
-1421.0
-1796.0
-1345.0
-1467.0
-1818.0
-1294.0
-1561.0
-1326.0
-1366.0
-1073.0
-1736.0
-1290.0
-1613.0
-1865.0
-1545.0
-1552.0
-2284.0
-1343.0
-1328.0
-1369.0
-2147.0
-1740.0
-1397.0
-1279.0
-1634.0
-1343.0
-1397.0
-1393.0
-1394.0
-2579.0
-1959.0
-1536.0
-1511.0
-1550.0
-2418.0
-1610.0
-2009.0
-1640.0
-1371.0
-1403.0
-1721.0
-1408.0
-1899.0
-1391.0
-2390.0
-1711.0
-1555.0
-1414.0
-1346.0
-1466.0
-1430.0
-1920.0
-1379.0
-2408.0
-1458.0
-1371.0
-1840.0
-1742.0
-1392.0
-1407.0
-1387.0
-1573.0
-1384.0
-1489.0
-1886.0
-1636.0
-1655.0
-1531.0
-1733.0
-1832.0
-2563.0
-1959.0
-1214.0
-1841.0
-1659.0
-2645.0
-2144.0
-1804.0
-1374.0
-2213.0
-1405.0
-1365.0
-1636.0
-1813.0
-3103.0
-1282.0
-1338.0
-1338.0
-1379.0
-1408.0
-1612.0
-1362.0
-1709.0
-1459.0
-3173.0
-1353.0
-1399.0
-1298.0
-1368.0
-1318.0
-1543.0
-1444.0
-1341.0
-1716.0
-1594.0
-1344.0
-1577.0
-1492.0
-1373.0
-1486.0
-1738.0
-1421.0
-1376.0
-1653.0
-2203.0
-1864.0
-2488.0
-1459.0
-1416.0
-1369.0
-1801.0
-1479.0
-1408.0
-1486.0
-1343.0
-1463.0
-1318.0
-1527.0
-1743.0
-1471.0
-1489.0
-1664.0
-1457.0
-1569.0
-1825.0
-1460.0
-1225.0
-1533.0
-1304.0
-1749.0
-1491.0
-1579.0
-1699.0
-2104.0
-2177.0
-1464.0
-1465.0
-1537.0
-1439.0
-1277.0
-1370.0
-1481.0
-1378.0
-1299.0
-1466.0
-1288.0
-1605.0
-1601.0
-1486.0
-1301.0
-1359.0
-2749.0
-1462.0
-1517.0
-1463.0
-1352.0
-1779.0
-1359.0
-1448.0
-1281.0
-2105.0
-1393.0
-1502.0
-1677.0
-1763.0
-1709.0
-1450.0
-1454.0
-1454.0
-1587.0
-1385.0
-1305.0
-1359.0
-1710.0
-1647.0
-1548.0
-1343.0
-1374.0
-1399.0
-1569.0
-1376.0
-1346.0
-1924.0
-1486.0
-2082.0
-1649.0
-1669.0
-1421.0
-1844.0
-1316.0
-1457.0
-1533.0
-1389.0
-1332.0
-1586.0
-1304.0
-1562.0
-1189.0
-1510.0
-1807.0
-1667.0
-1390.0
-1377.0
-1302.0
-1622.0
-1552.0
-1412.0
-1410.0
-1920.0
-1413.0
-1997.0
-1295.0
-1494.0
-1567.0
-1452.0
-1454.0
-1285.0
-1327.0
-1664.0
-1559.0
-1549.0
-1317.0
-1564.0
-1735.0
-1716.0
-1085.0
-1574.0
-1543.0
-1814.0
-1343.0
-1671.0
-1416.0
-1696.0
-1537.0
-2729.0
-1460.0
-1367.0
-1670.0
-1360.0
-1329.0
-1186.0
-1469.0
-1329.0
-1335.0
-1435.0
-1702.0
-1567.0
-1587.0
-1453.0
-1438.0
-1483.0
-1440.0
-1389.0
-1383.0
-1505.0
-1519.0
-1523.0
-1507.0
-1465.0
-1428.0
-2376.0
-1302.0
-1393.0
-1528.0
-1383.0
-1453.0
-1412.0
-1461.0
-1736.0
-1399.0
-1460.0
-1641.0
-1418.0
-2007.0
-2992.0
-1450.0
-1657.0
-1560.0
-1837.0
-1515.0
-1650.0
-1414.0
-2432.0
-1281.0
-2442.0
-1458.0
-1469.0
-1334.0
-1714.0
-1485.0
-1379.0
-1464.0
-1487.0
-1612.0
-1404.0
-1479.0
-1391.0
-1773.0
-1525.0
-1444.0
-1249.0
-1617.0
-1797.0
-1449.0
-2672.0
-1422.0
-1544.0
-1341.0
-1456.0
-1359.0
-2440.0
-1514.0
-1892.0
-1551.0
-1638.0
-1593.0
-1331.0
-1550.0
-1426.0
-1255.0
-1784.0
-1474.0
-1497.0
-1930.0
-5950.0
-1420.0
-1360.0
-1374.0
-1553.0
-2034.0
-2099.0
-1415.0
-4352.0
-3529.0
-2342.0
-1421.0
-1705.0
-1269.0
-1416.0
-1317.0
-1513.0
-1512.0
-1499.0
-1442.0
-1331.0
-1355.0
-1770.0
-1579.0
-1306.0
-1544.0
-1283.0
-1499.0
-1540.0
-1478.0
-1355.0
-1709.0
-2436.0
-1496.0
-1400.0
-1297.0
-2377.0
-1570.0
-1471.0
-1807.0
-1553.0
-3234.0
-1300.0
-1400.0
-1521.0
-1942.0
-1366.0
-1330.0
-1547.0
-1491.0
-2884.0
-952.0
-1858.0
-1295.0
-1377.0
-1535.0
-1588.0
-1245.0
-2088.0
-1247.0
-1691.0
-1166.0
-1370.0
-1278.0
-1248.0
-1402.0
-1260.0
-1450.0
-1400.0
-1376.0
-1437.0
-1308.0
-1590.0
-1550.0
-1437.0
-1376.0
-1470.0
-1341.0
-1276.0
-1313.0
-1311.0
-1486.0
-1373.0
-1391.0
-1360.0
-1271.0
-1919.0
-1276.0
-1403.0
-1460.0
-1270.0
-1415.0
-1465.0
-927.0
-1582.0
-918.0
-1672.0
-1284.0
-1399.0
-1464.0
-4031.0
-1680.0
-1669.0
-1430.0
-1289.0
-1546.0
-1587.0
-1370.0
-2217.0
-1451.0
-1962.0
-1958.0
-1569.0
-1321.0
-1291.0
-1270.0
-1284.0
-1544.0
-1369.0
-1379.0
-1456.0
-1310.0
-1540.0
-1302.0
-1718.0
-1382.0
-1679.0
-1350.0
-1288.0
-1545.0
-1650.0
-1567.0
-1528.0
-1667.0
-1360.0
-1367.0
-2217.0
-1243.0
-1424.0
-2101.0
-1249.0
-1359.0
-1312.0
-1263.0
-1462.0
-1160.0
-1487.0
-1549.0
-1300.0
-1941.0
-3302.0
-1299.0
-1361.0
-1230.0
-1348.0
-1265.0
-1474.0
-1475.0
-2032.0
-1215.0
-2038.0
-1467.0
-1409.0
-1396.0
-1287.0
-1250.0
-1460.0
-1436.0
-1231.0
-1377.0
-1313.0
-1375.0
-1456.0
-1424.0
-1356.0
-1425.0
-1439.0
-1477.0
-1340.0
-1377.0
-1236.0
-1685.0
-1738.0
-1400.0
-1348.0
-1744.0
-2606.0
-1454.0
-1382.0
-1385.0
-1187.0
-1270.0
-1358.0
-1595.0
-1392.0
-1785.0
-1695.0
-1490.0
-1602.0
-1960.0
-1868.0
-1324.0
-1486.0
-1514.0
-1361.0
-1399.0
-1753.0
-1398.0
-2008.0
-1431.0
-2291.0
-1684.0
-1422.0
-1449.0
-1408.0
-1271.0
-1107.0
-1679.0
-1440.0
-1337.0
-1323.0
-1372.0
-1697.0
-1430.0
-1756.0
-1352.0
-1380.0
-1479.0
-1395.0
-1251.0
-1230.0
-1874.0
-1662.0
-1375.0
-1340.0
-1333.0
-1803.0
-3065.0
-1424.0
-1304.0
-1202.0
-1379.0
-1424.0
-1868.0
-1525.0
-1624.0
-1537.0
-1455.0
-1443.0
-1816.0
-2270.0
-2151.0
-1762.0
-1215.0
-2023.0
-1480.0
-1386.0
-1410.0
-1780.0
-1347.0
-2011.0
-1286.0
-1291.0
-1349.0
-1287.0
-1297.0
-1172.0
-1786.0
-1310.0
-1399.0
-1119.0
-1321.0
-1648.0
-1451.0
-1276.0
-1349.0
-1263.0
-1517.0
-1254.0
-1352.0
-1423.0
-1588.0
-1460.0
-1547.0
-1315.0
-1369.0
-3244.0
-1309.0
-1334.0
-1468.0
-2546.0
-1381.0
-1492.0
-1062.0
-1715.0
-1222.0
-1772.0
-1622.0
-1559.0
-1771.0
-3121.0
-1131.0
-1424.0
-1561.0
-1290.0
-1336.0
-1565.0
-1361.0
-2251.0
-1300.0
-2284.0
-1218.0
-1521.0
-1629.0
-1477.0
-1248.0
-1796.0
-1657.0
-1451.0
-1299.0
-1261.0
-1304.0
-1323.0
-1230.0
-1256.0
-1589.0
-1245.0
-1306.0
-1484.0
-1400.0
-1729.0
-1419.0
-1371.0
-1446.0
-1313.0
-1405.0
-2970.0
-1273.0
-1312.0
-1381.0
-1284.0
-1541.0
-1409.0
-1394.0
-1439.0
-1498.0
-1537.0
-1322.0
-1385.0
-1436.0
-3945.0
-1358.0
-1340.0
-1376.0
-1186.0
-1312.0
-1646.0
-1338.0
-2037.0
-1208.0
-2180.0
-1295.0
-1467.0
-1413.0
-1227.0
-1527.0
-1928.0
-1924.0
-1329.0
-1319.0
-1269.0
-1553.0
-1600.0
-2235.0
-1299.0
-882.0
-1370.0
-1257.0
-1298.0
-1596.0
-1519.0
-1400.0
-1815.0
-1401.0
-1057.0
-1593.0
-3745.0
-1408.0
-1344.0
-1453.0
-1213.0
-1251.0
-1275.0
-1356.0
-1821.0
-1156.0
-1265.0
-1309.0
-1339.0
-2121.0
-4088.0
-1002.0
-1386.0
-1297.0
-1366.0
-1348.0
-1304.0
-1314.0
-1878.0
-1352.0
-1887.0
-1583.0
-1312.0
-1246.0
-1281.0
-1259.0
-1249.0
-1545.0
-1243.0
-1311.0
-1353.0
-1547.0
-1474.0
-1639.0
-1495.0
-1443.0
-1486.0
-1300.0
-1358.0
-2326.0
-1214.0
-1428.0
-1844.0
-1584.0
-1036.0
-1424.0
-2312.0
-1453.0
-1308.0
-1438.0
-1220.0
-1922.0
-1288.0
-1410.0
-1419.0
-1487.0
-1397.0
-1447.0
-1567.0
-1607.0
-2571.0
-1651.0
-1628.0
-1580.0
-1474.0
-1347.0
-1519.0
-1407.0
-1591.0
-1365.0
-2073.0
-1579.0
-1370.0
-1295.0
-1490.0
-1327.0
-1168.0
-1569.0
-1334.0
-1423.0
-1335.0
-1313.0
-1434.0
-1468.0
-1363.0
-1359.0
-1354.0
-1210.0
-1230.0
-1007.0
-1357.0
-1400.0
-1456.0
-918.0
-1016.0
-2274.0
-2238.0
-1280.0
-1358.0
-1326.0
-1179.0
-1274.0
-1594.0
-1313.0
-1575.0
-2014.0
-1328.0
-1289.0
-1526.0
-1710.0
-2572.0
-1320.0
-1345.0
-1643.0
-1403.0
-1956.0
-1548.0
-1252.0
-2020.0
-1596.0
-1983.0
-1209.0
-1376.0
-1453.0
-1366.0
-1298.0
-1249.0
-1544.0
-1329.0
-1285.0
-1245.0
-1256.0
-1438.0
-1341.0
-1367.0
-1402.0
-1487.0
-1311.0
-1239.0
-1522.0
-1500.0
-1549.0
-1374.0
-1467.0
-1298.0
-1285.0
-2029.0
-1325.0
-958.0
-1262.0
-1306.0
-1272.0
-1259.0
-1348.0
-1633.0
-1335.0
-1404.0
-1220.0
-1429.0
-2346.0
-1868.0
-1296.0
-1534.0
-1490.0
-1260.0
-1188.0
-1822.0
-1351.0
-2700.0
-1336.0
-2268.0
-1026.0
-1398.0
-1253.0
-1263.0
-1285.0
-1224.0
-1526.0
-1435.0
-1297.0
-1312.0
-1300.0
-1421.0
-1270.0
-1254.0
-1354.0
-1214.0
-2319.0
-1286.0
-1323.0
-1233.0
-1595.0
-1378.0
-1309.0
-1311.0
-1455.0
-2072.0
-1662.0
-1489.0
-1487.0
-1398.0
-1401.0
-1343.0
-1340.0
-1422.0
-1523.0
-1339.0
-1624.0
-1139.0
-1608.0
-2352.0
-1204.0
-1149.0
-1632.0
-1210.0
-1288.0
-1402.0
-1335.0
-2595.0
-1442.0
-3969.0
-1121.0
-1460.0
-1264.0
-1221.0
-1345.0
-1115.0
-1546.0
-1237.0
-1309.0
-1277.0
-1315.0
-1471.0
-1386.0
-1289.0
-1293.0
-1369.0
-1229.0
-1966.0
-1278.0
-1531.0
-1507.0
-1646.0
-1476.0
-1384.0
-1320.0
-2187.0
-1363.0
-1363.0
-1382.0
-1369.0
-1321.0
-1275.0
-1339.0
-1410.0
-1369.0
-1287.0
-1342.0
-1281.0
-1884.0
-2170.0
-1338.0
-1303.0
-1417.0
-1262.0
-1408.0
-1688.0
-2602.0
-1678.0
-1282.0
-2186.0
-1112.0
-1346.0
-1263.0
-1402.0
-1215.0
-1161.0
-1678.0
-1286.0
-1308.0
-1397.0
-1303.0
-1422.0
-1259.0
-1298.0
-1271.0
-1127.0
-1606.0
-1341.0
-1379.0
-1386.0
-1342.0
-1710.0
-1349.0
-2196.0
-1292.0
-2315.0
-1282.0
-1357.0
-1322.0
-1373.0
-1424.0
-1261.0
-1522.0
-1713.0
-1990.0
-1615.0
-1285.0
-1528.0
-1698.0
-2243.0
-1911.0
-1549.0
-1805.0
-1607.0
-1527.0
-1852.0
-1407.0
-1734.0
-1373.0
-2643.0
-1247.0
-2026.0
-1466.0
-1328.0
-1322.0
-1488.0
-1716.0
-1318.0
-1307.0
-1240.0
-1350.0
-1528.0
-1355.0
-1278.0
-1592.0
-1082.0
-1191.0
-1418.0
-1389.0
-1347.0
-1401.0
-1670.0
-1328.0
-1079.0
-1622.0
-2429.0
-1406.0
-1292.0
-1367.0
-1341.0
-1305.0
-1251.0
-892.0
-1458.0
-1243.0
-2007.0
-1343.0
-1377.0
-1673.0
-2084.0
-1325.0
-1752.0
-1382.0
-1366.0
-1238.0
-1879.0
-1609.0
-2038.0
-1397.0
-1979.0
-1148.0
-1233.0
-1320.0
-1246.0
-1304.0
-1530.0
-1550.0
-1323.0
-1302.0
-1301.0
-1283.0
-1323.0
-1366.0
-1223.0
-1271.0
-1213.0
-1789.0
-1312.0
-1282.0
-1159.0
-1317.0
-1562.0
-1519.0
-1663.0
-1521.0
-2491.0
-1436.0
-1393.0
-1230.0
-1549.0
-1607.0
-1383.0
-1301.0
-1430.0
-1373.0
-1330.0
-1343.0
-1332.0
-1683.0
-2332.0
-1530.0
-1297.0
-1388.0
-1280.0
-1173.0
-1595.0
-1240.0
-1548.0
-1931.0
-1824.0
-1098.0
-1334.0
-1445.0
-1378.0
-1312.0
-1291.0
-1554.0
-1287.0
-1320.0
-1414.0
-1291.0
-1388.0
-1549.0
-1414.0
-1284.0
-1353.0
-1348.0
-1367.0
-1331.0
-1275.0
-1354.0
-1650.0
-1602.0
-1281.0
-1274.0
-1711.0
-1342.0
-1279.0
-1346.0
-1369.0
-1291.0
-1275.0
-1353.0
-1421.0
-1104.0
-1340.0
-1298.0
-1366.0
-1543.0
-1663.0
-1287.0
-1296.0
-1450.0
-1284.0
-1301.0
-1375.0
-1308.0
-1730.0
-1390.0
-1804.0
-1505.0
-1415.0
-1314.0
-1337.0
-1315.0
-1219.0
-1415.0
-1377.0
-2801.0
-1328.0
-1281.0
-1710.0
-1454.0
-1333.0
-1294.0
-983.0
-1511.0
-1346.0
-1188.0
-1316.0
-1258.0
-1332.0
-1375.0
-1022.0
-1344.0
-1994.0
-1257.0
-1436.0
-1406.0
-1402.0
-1341.0
-1255.0
-1321.0
-1563.0
-1187.0
-1501.0
-1296.0
-1357.0
-1660.0
-2072.0
-1069.0
-1367.0
-1623.0
-1279.0
-1496.0
-1749.0
-1373.0
-1810.0
-1230.0
-1977.0
-1187.0
-1699.0
-1405.0
-1415.0
-1325.0
-1198.0
-1425.0
-1318.0
-1285.0
-1394.0
-1281.0
-1440.0
-1061.0
-1318.0
-1033.0
-1317.0
-1226.0
-1312.0
-1040.0
-1336.0
-1427.0
-1270.0
-1263.0
-947.0
-1313.0
-1904.0
-1260.0
-1266.0
-1325.0
-1666.0
-1429.0
-1337.0
-1333.0
-1545.0
-1111.0
-1340.0
-1386.0
-1284.0
-1534.0
-1843.0
-1304.0
-1573.0
-1500.0
-1258.0
-1245.0
-1610.0
-1343.0
-1636.0
-1390.0
-1939.0
-1286.0
-1489.0
-1430.0
-1266.0
-1270.0
-1134.0
-1524.0
-1227.0
-1268.0
-1447.0
-1586.0
-1391.0
-1189.0
-1292.0
-1293.0
-1335.0
-1315.0
-1263.0
-1277.0
-1333.0
-1422.0
-1592.0
-1307.0
-1337.0
-1373.0
-2368.0
-1355.0
-1746.0
-1328.0
-1357.0
-1346.0
-1433.0
-1564.0
-1419.0
-1148.0
-1256.0
-1438.0
-1582.0
-1560.0
-2096.0
-1302.0
-2433.0
-1295.0
-1474.0
-1316.0
-1383.0
-1253.0
-1642.0
-1298.0
-1874.0
-1152.0
-1478.0
-1249.0
-1257.0
-1317.0
-1170.0
-1393.0
-1196.0
-1342.0
-1255.0
-1284.0
-1573.0
-1470.0
-1255.0
-1322.0
-1450.0
-1429.0
-1286.0
-1446.0
-1148.0
-2447.0
-1396.0
-1979.0
-1164.0
-1444.0
-2103.0
-1496.0
-1104.0
-1320.0
-1367.0
-1474.0
-1415.0
-1062.0
-1340.0
-1110.0
-1509.0
-1353.0
-1435.0
-1755.0
-2231.0
-908.0
-1830.0
-1468.0
-1583.0
-1379.0
-1894.0
-1328.0
-1987.0
-1362.0
-2431.0
-2666.0
-2384.0
-1393.0
-1305.0
-1357.0
-1138.0
-1980.0
-1327.0
-841.0
-1439.0
-1395.0
-1582.0
-1447.0
-1430.0
-927.0
-1449.0
-1910.0
-1383.0
-1348.0
-1479.0
-2012.0
-1848.0
-1409.0
-934.0
-1447.0
-2625.0
-1355.0
-1872.0
-1378.0
-1326.0
-1577.0
-1294.0
-1428.0
-1359.0
-1144.0
-1457.0
-1424.0
-1644.0
-1519.0
-2598.0
-1409.0
-1457.0
-1339.0
-1272.0
-1320.0
-3026.0
-1335.0
-2066.0
-1299.0
-2264.0
-1164.0
-1477.0
-1542.0
-1802.0
-1321.0
-1609.0
-1575.0
-1290.0
-1038.0
-1749.0
-1279.0
-1528.0
-1107.0
-1290.0
-1345.0
-1322.0
-1238.0
-1296.0
-1461.0
-1197.0
-1335.0
-1655.0
-981.0
-1388.0
-1271.0
-2181.0
-1295.0
-1384.0
-1254.0
-1195.0
-1292.0
-1555.0
-1465.0
-2234.0
-1551.0
-1406.0
-1362.0
-1351.0
-1626.0
-2667.0
-1086.0
-1337.0
-1418.0
-1251.0
-1474.0
-1509.0
-1327.0
-1788.0
-1370.0
-1933.0
-1210.0
-1384.0
-1360.0
-1355.0
-1251.0
-1164.0
-1566.0
-1248.0
-1414.0
-1304.0
-1301.0
-1587.0
-1209.0
-1208.0
-1277.0
-1427.0
-1285.0
-1292.0
-1306.0
-1288.0
-1367.0
-1446.0
-819.0
-1326.0
-1414.0
-2218.0
-1363.0
-1265.0
-1319.0
-1360.0
-1401.0
-1351.0
-1235.0
-1584.0
-1939.0
-1271.0
-1222.0
-1362.0
-1549.0
-3638.0
-1313.0
-1309.0
-1409.0
-1210.0
-1216.0
-1442.0
-1240.0
-1649.0
-1259.0
-2130.0
-1055.0
-1354.0
-1391.0
-1327.0
-1258.0
-1207.0
-1605.0
-1233.0
-1392.0
-1325.0
-1225.0
-1410.0
-1197.0
-1244.0
-1295.0
-1046.0
-1253.0
-1252.0
-1330.0
-1350.0
-1370.0
-1489.0
-1302.0
-1171.0
-1249.0
-2481.0
-1248.0
-953.0
-1320.0
-1538.0
-1256.0
-1276.0
-1427.0
-1398.0
-1178.0
-1319.0
-1336.0
-1260.0
-1619.0
-2182.0
-1367.0
-1256.0
-1409.0
-1282.0
-1149.0
-1822.0
-1273.0
-1689.0
-1415.0
-2105.0
-951.0
-1239.0
-1379.0
-1314.0
-1362.0
-1345.0
-1479.0
-1316.0
-1462.0
-1350.0
-1331.0
-1968.0
-1248.0
-1324.0
-1306.0
-1373.0
-1263.0
-1356.0
-921.0
-1351.0
-1343.0
-1963.0
-1258.0
-899.0
-1302.0
-2105.0
-1243.0
-1455.0
-1360.0
-1376.0
-1468.0
-1457.0
-1437.0
-1452.0
-1339.0
-1812.0
-1455.0
-1560.0
-1619.0
-2094.0
-1423.0
-1043.0
-1298.0
-1595.0
-1094.0
-1347.0
-1267.0
-1630.0
-1191.0
-1882.0
-1007.0
-1361.0
-1519.0
-1352.0
-1278.0
-1176.0
-1419.0
-1267.0
-1012.0
-1273.0
-1282.0
-1327.0
-1259.0
-1303.0
-1319.0
-1161.0
-1167.0
-1420.0
-1290.0
-1351.0
-1333.0
-1740.0
-1494.0
-1422.0
-1510.0
-2536.0
-1231.0
-875.0
-1244.0
-1349.0
-1542.0
-1273.0
-1407.0
-1424.0
-1130.0
-1352.0
-1248.0
-1312.0
-1746.0
-2436.0
-1265.0
-2858.0
-1442.0
-1314.0
-1660.0
-1404.0
-1354.0
-1743.0
-1191.0
-2060.0
-1002.0
-1725.0
-1332.0
-1257.0
-1342.0
-1216.0
-1475.0
-1243.0
-1337.0
-1395.0
-1509.0
-1702.0
-1326.0
-1218.0
-1304.0
-1195.0
-1228.0
-1239.0
-983.0
-1202.0
-1461.0
-1612.0
-1371.0
-1423.0
-1483.0
-2791.0
-1581.0
-1281.0
-1398.0
-1857.0
-1269.0
-1485.0
-1391.0
-1363.0
-1497.0
-1766.0
-1259.0
-1646.0
-1701.0
-3797.0
-1252.0
-1508.0
-1600.0
-1243.0
-1177.0
-1673.0
-1247.0
-1729.0
-1412.0
-1962.0
-1039.0
-1365.0
-1363.0
-1291.0
-1311.0
-1138.0
-1620.0
-1513.0
-1345.0
-1699.0
-1274.0
-1436.0
-1312.0
-1212.0
-1525.0
-1297.0
-1291.0
-1409.0
-1014.0
-1177.0
-1545.0
-2383.0
-1675.0
-1275.0
-1574.0
-1965.0
-1455.0
-1685.0
-1267.0
-1489.0
-1398.0
-2266.0
-1407.0
-1553.0
-1293.0
-1464.0
-1325.0
-1454.0
-1514.0
-2323.0
-1337.0
-1396.0
-1392.0
-1244.0
-1151.0
-1495.0
-1271.0
-1661.0
-1131.0
-1875.0
-1031.0
-1394.0
-1252.0
-1306.0
-1379.0
-1339.0
-1515.0
-1202.0
-1275.0
-1303.0
-1434.0
-1412.0
-1301.0
-1314.0
-1387.0
-1637.0
-1533.0
-1242.0
-1364.0
-1189.0
-1474.0
-1552.0
-1620.0
-1336.0
-1452.0
-2621.0
-1207.0
-1360.0
-1270.0
-1228.0
-1402.0
-1324.0
-856.0
-1586.0
-1089.0
-1469.0
-1472.0
-1420.0
-1541.0
-2208.0
-997.0
-1314.0
-1632.0
-1251.0
-1843.0
-1568.0
-1282.0
-1782.0
-1198.0
-2224.0
-1012.0
-1328.0
-1296.0
-1302.0
-1241.0
-1177.0
-1561.0
-1283.0
-1355.0
-1218.0
-1292.0
-1404.0
-1168.0
-1233.0
-1223.0
-1030.0
-1434.0
-1326.0
-1240.0
-1264.0
-1283.0
-1464.0
-1337.0
-1349.0
-1286.0
-2395.0
-1275.0
-1101.0
-1248.0
-1183.0
-1248.0
-1249.0
-1854.0
-1404.0
-1084.0
-1245.0
-1192.0
-1279.0
-1878.0
-2209.0
-848.0
-1086.0
-1418.0
-1241.0
-1315.0
-1502.0
-1386.0
-2226.0
-1293.0
-1796.0
-1283.0
-1346.0
-1269.0
-1225.0
-1510.0
-1052.0
-1659.0
-1264.0
-1305.0
-1279.0
-1350.0
-1455.0
-1229.0
-1271.0
-1283.0
-1374.0
-1272.0
-1226.0
-1318.0
-1425.0
-1385.0
-1439.0
-1323.0
-909.0
-1276.0
-1918.0
-1237.0
-1421.0
-1414.0
-1156.0
-1266.0
-1234.0
-1048.0
-1421.0
-1582.0
-1283.0
-1310.0
-1273.0
-1333.0
-2080.0
-1243.0
-1316.0
-1230.0
-1441.0
-1066.0
-1359.0
-1359.0
-1607.0
-1223.0
-1669.0
-1050.0
-1384.0
-1256.0
-1304.0
-1276.0
-1269.0
-1433.0
-1252.0
-1291.0
-1329.0
-1272.0
-1428.0
-1225.0
-1247.0
-854.0
-1350.0
-1274.0
-1315.0
-1228.0
-1200.0
-1415.0
-1391.0
-766.0
-2330.0
-1319.0
-1956.0
-1270.0
-1315.0
-1303.0
-1327.0
-1235.0
-1393.0
-1310.0
-1452.0
-1158.0
-1280.0
-1298.0
-1347.0
-2863.0
-2341.0
-1208.0
-1301.0
-1292.0
-1370.0
-1320.0
-1675.0
-1361.0
-1740.0
-1315.0
-1927.0
-3780.0
-1845.0
-1296.0
-1287.0
-1251.0
-1267.0
-1511.0
-1249.0
-1263.0
-1339.0
-1291.0
-1450.0
-1381.0
-1555.0
-960.0
-1315.0
-1256.0
-1366.0
-1406.0
