-16389.0
-14353.0
-17533.0
-17918.0
-10080.0
-13253.0
-15549.0
-16304.0
-11783.0
-12385.0
-13545.0
-10707.0
-9334.0
-11408.0
-16789.0
-20094.0
-14359.0
-12050.0
-20391.0
-20628.0
-16328.0
-8459.0
-21196.0
-14526.0
-17483.0
-16022.0
-16442.0
-8734.0
-23871.0
-10255.0
-16662.0
-15992.0
-17121.0
-12942.0
-9793.0
-13291.0
-10068.0
-9969.0
-12663.0
-14019.0
-11394.0
-10586.0
-15440.0
-14008.0
-16011.0
-13898.0
-13365.0
-13811.0
-11824.0
-12635.0
-12523.0
-14652.0
-27086.0
-9491.0
-8163.0
-13322.0
-16599.0
-10083.0
-16322.0
-13349.0
-13047.0
-12167.0
-14175.0
-17933.0
-14768.0
-17702.0
-9530.0
-12002.0
-15293.0
-14922.0
-18783.0
-12315.0
-17116.0
-18619.0
-13254.0
-13645.0
-18796.0
-12843.0
-16475.0
-12545.0
-15112.0
-17267.0
-18727.0
-12977.0
-6851.0
-11603.0
-12258.0
-13181.0
-15102.0
-9414.0
-11778.0
-9812.0
-12965.0
-11908.0
-8542.0
-15180.0
-12318.0
-14355.0
-12994.0
-15601.0
-19138.0
-10457.0
-17867.0
-15789.0
-9987.0
-9231.0
-12453.0
-9500.0
-17281.0
-10047.0
-14221.0
-13300.0
-11631.0
-12141.0
-14361.0
-15004.0
-6650.0
-8837.0
-12248.0
-12902.0
-13157.0
-15818.0
-14562.0
-17353.0
-6920.0
-8342.0
-14509.0
-14249.0
-18135.0
-9525.0
-13364.0
-20419.0
-22768.0
-14078.0
-13321.0
-10066.0
-18313.0
-7993.0
-8232.0
-11850.0
-4994.0
-10554.0
-10442.0
-17226.0
-9115.0
-9092.0
-20980.0
-12513.0
-8789.0
-15579.0
-11529.0
-10128.0
-11427.0
-6414.0
-12961.0
-9436.0
-19544.0
-10468.0
-11650.0
-6467.0
-16135.0
-4858.0
-7857.0
-7975.0
-8250.0
-15009.0
-6748.0
-5108.0
-9972.0
-14314.0
-8131.0
-8037.0
-11682.0
-10040.0
-8173.0
-8404.0
-12275.0
-5714.0
-18379.0
-11475.0
-9459.0
-15376.0
-14800.0
-6130.0
-8263.0
-8225.0
-10583.0
-5843.0
-9434.0
-12079.0
-5771.0
-7693.0
-16204.0
-12227.0
-9210.0
-6096.0
-12182.0
-16202.0
-6749.0
-10167.0
-13800.0
-6682.0
-10291.0
-8808.0
-11593.0
-8407.0
-8597.0
-8843.0
-10375.0
-6520.0
-16291.0
-8996.0
-9124.0
-8780.0
-12555.0
-13419.0
-8906.0
-6990.0
-8931.0
-15592.0
-11214.0
-8195.0
-13679.0
-8578.0
-14229.0
-10567.0
-13252.0
-8507.0
-18181.0
-11851.0
-12880.0
-15654.0
-13915.0
-9616.0
-4644.0
-4794.0
-15133.0
-6007.0
-12180.0
-11443.0
-5803.0
-5125.0
-8230.0
-14382.0
-4150.0
-7295.0
-14904.0
-9722.0
-7044.0
-13045.0
-9788.0
-9360.0
-13040.0
-6932.0
-8558.0
-6251.0
-9569.0
-6543.0
-6712.0
-4902.0
-12668.0
-6415.0
-6928.0
-8802.0
-10866.0
-13350.0
-8084.0
-7155.0
-8445.0
-9955.0
-6911.0
-7305.0
-8947.0
-9639.0
-5502.0
-6816.0
-7389.0
-5908.0
-13287.0
-12391.0
-7795.0
-10910.0
-14020.0
-8144.0
-5214.0
-6394.0
-6085.0
-6891.0
-5896.0
-5489.0
-5297.0
-6083.0
-11004.0
-11179.0
-2182.0
-5244.0
-11499.0
-9341.0
-9984.0
-8738.0
-10271.0
-7615.0
-10308.0
-3554.0
-3167.0
-7489.0
-9981.0
-5192.0
-4934.0
-7621.0
-9087.0
-6807.0
-3632.0
-10750.0
-11436.0
-9976.0
-6611.0
-2547.0
-10185.0
-11123.0
-14916.0
-8361.0
-6823.0
-8952.0
-4620.0
-7729.0
-8437.0
-7042.0
-12205.0
-9191.0
-6579.0
-13531.0
-9965.0
-4817.0
-6830.0
-5983.0
-10878.0
-6429.0
-5279.0
-6547.0
-4191.0
-6705.0
-6779.0
-12258.0
-4812.0
-8124.0
-10960.0
-7472.0
-3311.0
-9651.0
-11271.0
-6555.0
-11661.0
-4194.0
-7137.0
-5460.0
-8543.0
-9465.0
-5363.0
-5254.0
-8927.0
-5990.0
-3399.0
-5005.0
-10529.0
-11225.0
-3787.0
-5062.0
-6439.0
-8754.0
-6993.0
-4439.0
-6657.0
-5383.0
-4679.0
-9694.0
-8503.0
-5191.0
-7551.0
-7232.0
-7969.0
-9028.0
-9584.0
-4300.0
-3413.0
-4621.0
-4742.0
-4853.0
-4266.0
-4325.0
-4037.0
-3338.0
-4918.0
-10252.0
-3597.0
-3779.0
-4793.0
-6702.0
-3877.0
-5069.0
-8690.0
-8516.0
-9137.0
-6177.0
-4349.0
-2446.0
-6458.0
-5031.0
-3587.0
-5188.0
-6316.0
-7189.0
-3835.0
-3927.0
-9481.0
-8880.0
-4368.0
-3500.0
-6436.0
-7325.0
-8421.0
-2097.0
-4420.0
-4106.0
-4708.0
-11599.0
-3383.0
-3246.0
-10041.0
-6599.0
-14163.0
-9658.0
-5320.0
-4053.0
-4187.0
-4247.0
-5536.0
-4186.0
-3428.0
-3774.0
-4449.0
-3525.0
-6814.0
-7357.0
-3024.0
-2242.0
-6448.0
-4301.0
-5189.0
-5590.0
-4673.0
-4178.0
-10639.0
-3895.0
-4569.0
-4512.0
-6854.0
-4174.0
-3197.0
-3047.0
-7556.0
-2977.0
-3967.0
-3040.0
-2661.0
-8380.0
-2847.0
-3804.0
-5308.0
-3508.0
-4353.0
-2652.0
-4170.0
-7576.0
-3424.0
-3683.0
-4196.0
-4341.0
-5587.0
-7303.0
-6733.0
-6329.0
-6526.0
-3776.0
-3263.0
-3134.0
-5685.0
-5340.0
-3363.0
-2868.0
-4266.0
-4848.0
-4890.0
-6387.0
-1989.0
-3362.0
-5053.0
-6106.0
-2859.0
-3896.0
-3713.0
-3093.0
-9156.0
-2546.0
-3448.0
-3786.0
-6461.0
-4132.0
-2243.0
-2327.0
-7987.0
-2382.0
-1800.0
-3603.0
-3827.0
-6393.0
-2695.0
-2085.0
-5581.0
-4773.0
-5688.0
-2495.0
-3459.0
-6184.0
-3774.0
-4543.0
-3266.0
-3882.0
-7639.0
-3908.0
-9689.0
-4880.0
-4144.0
-3041.0
-1853.0
-2059.0
-4046.0
-3626.0
-2112.0
-4513.0
-2925.0
-1772.0
-2685.0
-3118.0
-1909.0
-2754.0
-3846.0
-2987.0
-2429.0
-4408.0
-4179.0
-2259.0
-5424.0
-3408.0
-2676.0
-1729.0
-6510.0
-2524.0
-2267.0
-2505.0
-3126.0
-2177.0
-2518.0
-3079.0
-3536.0
-3654.0
-2106.0
-2106.0
-7115.0
-3493.0
-6741.0
-2091.0
-3394.0
-3412.0
-5874.0
-6918.0
-5131.0
-2659.0
-8425.0
-2128.0
-5467.0
-2969.0
-3998.0
-2869.0
-3174.0
-2173.0
-4008.0
-4626.0
-2379.0
-2021.0
-2119.0
-1796.0
-3155.0
-3738.0
-1303.0
-2150.0
-2198.0
-3616.0
-4332.0
-2826.0
-3463.0
-3194.0
-5618.0
-2409.0
-1604.0
-3670.0
-5242.0
-2114.0
-3088.0
-2941.0
-5101.0
-3797.0
-1941.0
-2883.0
-3251.0
-4333.0
-2042.0
-2045.0
-2464.0
-7536.0
-4857.0
-2036.0
-6183.0
-2806.0
-2144.0
-6474.0
-3468.0
-2001.0
-5006.0
-2274.0
-4478.0
-6942.0
-4983.0
-2785.0
-1950.0
-2281.0
-3758.0
-2455.0
-2516.0
-2469.0
-1781.0
-2209.0
-3578.0
-1956.0
-1484.0
-2395.0
-3400.0
-4738.0
-1625.0
-5458.0
-2859.0
-3394.0
-7251.0
-3070.0
-2317.0
-2114.0
-4822.0
-3650.0
-3692.0
-3027.0
-3977.0
-2978.0
-1419.0
-5386.0
-2553.0
-4534.0
-1773.0
-1469.0
-3107.0
-3006.0
-3793.0
-1834.0
-3130.0
-2823.0
-2313.0
-5193.0
-2571.0
-2316.0
-5093.0
-2749.0
-5191.0
-3637.0
-3320.0
-2600.0
-1371.0
-1562.0
-2670.0
-2938.0
-2065.0
-2756.0
-2460.0
-2326.0
-2685.0
-3905.0
-1397.0
-2059.0
-2708.0
-1686.0
-1501.0
-1955.0
-6318.0
-4712.0
-5618.0
-4373.0
-1885.0
-2449.0
-3887.0
-2632.0
-1741.0
-1651.0
-2715.0
-2448.0
-2193.0
-1486.0
-2766.0
-3919.0
-1421.0
-2587.0
-2580.0
-3325.0
-3629.0
-2349.0
-3264.0
-1965.0
-1914.0
-2067.0
-2717.0
-1682.0
-6228.0
-2859.0
-3613.0
-3096.0
-3209.0
-1784.0
-1544.0
-1665.0
-3752.0
-2569.0
-1791.0
-1469.0
-1772.0
-1639.0
-2323.0
-4712.0
-1867.0
-1260.0
-2365.0
-3757.0
-1780.0
-3090.0
-1435.0
-1669.0
-6353.0
-1564.0
-2141.0
-1835.0
-3026.0
-2552.0
-2495.0
-1257.0
-2335.0
-1428.0
-1771.0
-1480.0
-2048.0
-3581.0
-1929.0
-1861.0
-3934.0
-3985.0
-2868.0
-2376.0
-2303.0
-2547.0
-1968.0
-2777.0
-3337.0
-1391.0
-3268.0
-2371.0
-3571.0
-2153.0
-2462.0
-2065.0
-1384.0
-2008.0
-2048.0
-2542.0
-1654.0
-2748.0
-1423.0
-1254.0
-2084.0
-2710.0
-1821.0
-1295.0
-2032.0
-2179.0
-2299.0
-1807.0
-2723.0
-1755.0
-5407.0
-1437.0
-1430.0
-1832.0
-3348.0
-2898.0
-1765.0
-1649.0
-3169.0
-1356.0
-3945.0
-2020.0
-2133.0
-3498.0
-1797.0
-1525.0
-3438.0
-2366.0
-4119.0
-1965.0
-2041.0
-2781.0
-1776.0
-3481.0
-2522.0
-1479.0
-3618.0
-3065.0
-4896.0
-2646.0
-3970.0
-1822.0
-1157.0
-1678.0
-2339.0
-2224.0
-1591.0
-3571.0
-1290.0
-2041.0
-2725.0
-4826.0
-1813.0
-1464.0
-3600.0
-2659.0
-1874.0
-2505.0
-1786.0
-1885.0
-6941.0
-1638.0
-2348.0
-3107.0
-2948.0
-2168.0
-2957.0
-1459.0
-2641.0
-1373.0
-1383.0
-1540.0
-2742.0
-3037.0
-1807.0
-1406.0
-2490.0
-2352.0
-3429.0
-1582.0
-2392.0
-2406.0
-1415.0
-1989.0
-2731.0
-1549.0
-3228.0
-2425.0
-3663.0
-2744.0
-2080.0
-1905.0
-1199.0
-1612.0
-2504.0
-1612.0
-1831.0
-3019.0
-1201.0
-1230.0
-2873.0
-2604.0
-2108.0
-1283.0
-1764.0
-2379.0
-1527.0
-2578.0
-2430.0
-2887.0
-3602.0
-1677.0
-2282.0
-1573.0
-3362.0
-3727.0
-1648.0
-1434.0
-2447.0
-1669.0
-2648.0
-1455.0
-2096.0
-2744.0
-1431.0
-2125.0
-2547.0
-2096.0
-2976.0
-2708.0
-1470.0
-2375.0
-1591.0
-1829.0
-3666.0
-1360.0
-3571.0
-2261.0
-3142.0
-1926.0
-3220.0
-2333.0
-1334.0
-1557.0
-1835.0
-2879.0
-1372.0
-2202.0
-1814.0
-1326.0
-1830.0
-2334.0
-1836.0
-1658.0
-1572.0
-2131.0
-1837.0
-1664.0
-2947.0
-1795.0
-2740.0
-2948.0
-1754.0
-1911.0
-3614.0
-1526.0
-1452.0
-1351.0
-2571.0
-2330.0
-1161.0
-1519.0
-1724.0
-2967.0
-1292.0
-1584.0
-1683.0
-2598.0
-2966.0
-1299.0
-1460.0
-3176.0
-1654.0
-2341.0
-2094.0
-2035.0
-3050.0
-1806.0
-2408.0
-2460.0
-1476.0
-1887.0
-1137.0
-1187.0
-1666.0
-1992.0
-1232.0
-1830.0
-1802.0
-1216.0
-2082.0
-1490.0
-1193.0
-1548.0
-1879.0
-1387.0
-1195.0
-1479.0
-2693.0
-2433.0
-3554.0
-1787.0
-1405.0
-1464.0
-2065.0
-1315.0
-1724.0
-1448.0
-2257.0
-1248.0
-1499.0
-1467.0
-2068.0
-2321.0
-1085.0
-1476.0
-2272.0
-2137.0
-1766.0
-1196.0
-1863.0
-2187.0
-1264.0
-1779.0
-2333.0
-2070.0
-2025.0
-1659.0
-2096.0
-2334.0
-2236.0
-1692.0
-1851.0
-1714.0
-2193.0
-1536.0
-1501.0
-1739.0
-1772.0
-1318.0
-1855.0
-2173.0
-1384.0
-1485.0
-1496.0
-2611.0
-1806.0
-1947.0
-2515.0
-1414.0
-2298.0
-1375.0
-1888.0
-1217.0
-2597.0
-1697.0
-1516.0
-1512.0
-2403.0
-1216.0
-1179.0
-1331.0
-1625.0
-2554.0
-1169.0
-1637.0
-1602.0
-2536.0
-2481.0
-1197.0
-2599.0
-2930.0
-1501.0
-2595.0
-1734.0
-1334.0
-2366.0
-1679.0
-2494.0
-2181.0
-1953.0
-1505.0
-1162.0
-1154.0
-1988.0
-2188.0
-1336.0
-1667.0
-1213.0
-1383.0
-1873.0
-3291.0
-1215.0
-3311.0
-1383.0
-1438.0
-1179.0
-3338.0
-2630.0
-1910.0
-3368.0
-1399.0
-1263.0
-1610.0
-2268.0
-1691.0
-2050.0
-1535.0
-2690.0
-1979.0
-1533.0
-1181.0
-1972.0
-2035.0
-1254.0
-2343.0
-2069.0
-2710.0
-2545.0
-1252.0
-2729.0
-2765.0
-1430.0
-1931.0
-2811.0
-1270.0
-2905.0
-2835.0
-2585.0
-2260.0
-2099.0
-1816.0
-1105.0
-1605.0
-1734.0
-1709.0
-1891.0
-1611.0
-1596.0
-1061.0
-1664.0
-1776.0
-1201.0
-1160.0
-1445.0
-1258.0
-1527.0
-2085.0
-2207.0
-1411.0
-2164.0
-1811.0
-1213.0
-1508.0
-3149.0
-1458.0
-1358.0
-1307.0
-2127.0
-1180.0
-1163.0
-1324.0
-1368.0
-2230.0
-1639.0
-1617.0
-2095.0
-2333.0
-2169.0
-1202.0
-2236.0
-1552.0
-1331.0
-1751.0
-2047.0
-1275.0
-1750.0
-2077.0
-2126.0
-1902.0
-1511.0
-1443.0
-1602.0
-1065.0
-1849.0
-1697.0
-1179.0
-1160.0
-1227.0
-1560.0
-1636.0
-1797.0
-1446.0
-1326.0
-1350.0
-1539.0
-1533.0
-1702.0
-1946.0
-2064.0
-2185.0
-1700.0
-1132.0
-1505.0
-1769.0
-1516.0
-1112.0
-1711.0
-1976.0
-2668.0
-1101.0
-1068.0
-2396.0
-1912.0
-1368.0
-1502.0
-1883.0
-2142.0
-2311.0
-1828.0
-1882.0
-1740.0
-1351.0
-1966.0
-1855.0
-1345.0
-2720.0
-1731.0
-2168.0
-2510.0
-1607.0
-1336.0
-1152.0
-1126.0
-2170.0
-1617.0
-1423.0
-1481.0
-1108.0
-1231.0
-1890.0
-2518.0
-1183.0
-1141.0
-2027.0
-1774.0
-1180.0
-1945.0
-1418.0
-1532.0
-2014.0
-1119.0
-1290.0
-1515.0
-2340.0
-2091.0
-1085.0
-1129.0
-1924.0
-1069.0
-1207.0
-1732.0
-1567.0
-2016.0
-1086.0
-1346.0
-1952.0
-1992.0
-2252.0
-1231.0
-1247.0
-1917.0
-1536.0
-2198.0
-1435.0
-1168.0
-2376.0
-1976.0
-2155.0
-2211.0
-1812.0
-1461.0
-1132.0
-1602.0
-2218.0
-1846.0
-1303.0
-1299.0
-1117.0
-1074.0
-1823.0
-1590.0
-1122.0
-1596.0
-1526.0
-1334.0
-1073.0
-1432.0
-1668.0
-1380.0
-2714.0
-1247.0
-1379.0
-1456.0
-2254.0
-1331.0
-1232.0
-1225.0
-3142.0
-1102.0
-1213.0
-1241.0
-1588.0
-2174.0
-1156.0
-1135.0
-1982.0
-2981.0
-4312.0
-1211.0
-1665.0
-1889.0
-1983.0
-1723.0
-2028.0
-1767.0
-2837.0
-2286.0
-1754.0
-1596.0
-1920.0
-1876.0
-1505.0
-1586.0
-1789.0
-1772.0
-1447.0
-2752.0
-1281.0
-1072.0
-1640.0
-2498.0
-1237.0
-1277.0
-1502.0
-1679.0
-1293.0
-1372.0
-1669.0
-1418.0
-2066.0
-1220.0
-1309.0
-1487.0
-2738.0
-1672.0
-1429.0
-1281.0
-2452.0
-1373.0
-1185.0
-1362.0
-1553.0
-1782.0
-1168.0
-1363.0
-1761.0
-2517.0
-2113.0
-1456.0
-1172.0
-2761.0
-2203.0
-2039.0
-2141.0
-1334.0
-2237.0
-2947.0
-2268.0
-2178.0
-2869.0
-2352.0
-1134.0
-1231.0
-2286.0
-1810.0
-1647.0
-1175.0
-1255.0
-1248.0
-2118.0
-1828.0
-1224.0
-1937.0
-1930.0
-1967.0
-2212.0
-1906.0
-2954.0
-1837.0
-2973.0
-1587.0
-1707.0
-3428.0
-3229.0
-1236.0
-1295.0
-1794.0
-2687.0
-2014.0
-2988.0
-2046.0
-3309.0
-2616.0
-2299.0
-3051.0
-3661.0
-2940.0
-5153.0
-3345.0
-2785.0
-5929.0
-3676.0
-4023.0
-4435.0
-2331.0
-4641.0
-4515.0
-2746.0
-3359.0
-3417.0
-2797.0
-2046.0
-1599.0
-4761.0
-1763.0
-1347.0
-1625.0
-1408.0
-1528.0
-2471.0
-1586.0
-1028.0
-1019.0
-1320.0
-1428.0
-1107.0
-1352.0
-2623.0
-1460.0
-3818.0
-1243.0
-1370.0
-1236.0
-3366.0
-2337.0
-1085.0
-1404.0
-1948.0
-2321.0
-1160.0
-1836.0
-1638.0
-1593.0
-1247.0
-1087.0
-1516.0
-2468.0
-2548.0
-2124.0
-1870.0
-2980.0
-2353.0
-2094.0
-1736.0
-1335.0
-2670.0
-1892.0
-2370.0
-1525.0
-1801.0
-1508.0
-2572.0
-1178.0
-4246.0
-1711.0
-2124.0
-1268.0
-1657.0
-1210.0
-2204.0
-1697.0
-1442.0
-1685.0
-1791.0
-2623.0
-1673.0
-2202.0
-3220.0
-1467.0
-2945.0
-2532.0
-1403.0
-1266.0
-4268.0
-1396.0
-1284.0
-1385.0
-2852.0
-3548.0
-1217.0
-1714.0
-1733.0
-2850.0
-1646.0
-1376.0
-1675.0
-3135.0
-2967.0
-1687.0
-1417.0
-1936.0
-1553.0
-2149.0
-2334.0
-1763.0
-2062.0
-1674.0
-1856.0
-1748.0
-1937.0
-1628.0
-1244.0
-1395.0
-1748.0
-1863.0
-2182.0
-1108.0
-1053.0
-1174.0
-1772.0
-1995.0
-1418.0
-1027.0
-1996.0
-1690.0
-1365.0
-1644.0
-2015.0
-1188.0
-2958.0
-1503.0
-1112.0
-1243.0
-3328.0
-1343.0
-1510.0
-1169.0
-1987.0
-1360.0
-1091.0
-1055.0
-1879.0
-3350.0
-1102.0
-1144.0
-2373.0
-2248.0
-3248.0
-1086.0
-1250.0
-2155.0
-2459.0
-1858.0
-2455.0
-2000.0
-2312.0
-2212.0
-2096.0
-1904.0
-2486.0
-1595.0
-2017.0
-1590.0
-1490.0
-1619.0
-1451.0
-1196.0
-1309.0
-1837.0
-1937.0
-1833.0
-1125.0
-2165.0
-1384.0
-1321.0
-1243.0
-1246.0
-1925.0
-1323.0
-2300.0
-1462.0
-1127.0
-1505.0
-2522.0
-1280.0
-1100.0
-1165.0
-2098.0
-1457.0
-1163.0
-2073.0
-3323.0
-1728.0
-1662.0
-1294.0
-1586.0
-2209.0
-2335.0
-1645.0
-1871.0
-3172.0
-1546.0
-2102.0
-2947.0
-1786.0
-2259.0
-1831.0
-1996.0
-1974.0
-2632.0
-1333.0
-1283.0
-1162.0
-1773.0
-1835.0
-1940.0
-1236.0
-1186.0
-1199.0
-1491.0
-2828.0
-1449.0
-1700.0
-1607.0
-1249.0
-1149.0
-1808.0
-2245.0
-1724.0
-2103.0
-1394.0
-1243.0
-1417.0
-1962.0
-1705.0
-1401.0
-1197.0
-1992.0
-1515.0
-3541.0
-2227.0
-1523.0
-2797.0
-1829.0
-1982.0
-2607.0
-2833.0
-1765.0
-1330.0
-1544.0
-1910.0
-3270.0
-1843.0
-1812.0
-3283.0
-1922.0
-2814.0
-1724.0
-1575.0
-2434.0
-2808.0
-1199.0
-3142.0
-1954.0
-2010.0
-2920.0
-1805.0
-1160.0
-1110.0
-1591.0
-1525.0
-1091.0
-1168.0
-1628.0
-2095.0
-2043.0
-1392.0
-3579.0
-1424.0
-2812.0
-1321.0
-2230.0
-1464.0
-2121.0
-1380.0
-1046.0
-1621.0
-1634.0
-1244.0
-1221.0
-1212.0
-1395.0
-1868.0
-1021.0
-1512.0
-1588.0
-3613.0
-2504.0
-1055.0
-1257.0
-1600.0
-1969.0
-2113.0
-1475.0
-1921.0
-1889.0
-2776.0
-2158.0
-1502.0
-1443.0
-2891.0
-2471.0
-1083.0
-2057.0
-2623.0
-1362.0
-1316.0
-1617.0
-1447.0
-1888.0
-1618.0
-1547.0
-745.0
-1810.0
-1775.0
-2307.0
-1301.0
-1734.0
-1720.0
-2215.0
-1161.0
-1160.0
-1443.0
-2479.0
-1194.0
-1497.0
-1420.0
-2746.0
-1078.0
-1086.0
-1043.0
-1326.0
-2235.0
-2135.0
-1490.0
-1488.0
-3337.0
-1720.0
-2245.0
-1211.0
-2572.0
-2152.0
-1492.0
-1759.0
-1390.0
-2052.0
-4670.0
-2583.0
-2247.0
-1659.0
-2569.0
-2539.0
-1304.0
-1403.0
-2519.0
-1362.0
-1410.0
-1216.0
-1059.0
-1790.0
-2342.0
-1081.0
-2087.0
-1693.0
-1363.0
-1605.0
-2290.0
-2535.0
-1220.0
-1975.0
-1595.0
-2712.0
-1511.0
-2628.0
-2631.0
-1575.0
-3562.0
-3964.0
-4202.0
-1984.0
-3492.0
-1280.0
-2200.0
-2185.0
-1461.0
-1455.0
-2353.0
-1994.0
-1157.0
-1520.0
-1841.0
-1890.0
-2614.0
-1907.0
-1255.0
-1779.0
-1993.0
-1959.0
-3337.0
-2370.0
-2254.0
-893.0
-1194.0
-1688.0
-1982.0
-2030.0
-1786.0
-1335.0
-1003.0
-1516.0
-1499.0
-990.0
-1336.0
-2555.0
-1357.0
-1121.0
-2251.0
-1892.0
-2062.0
-2046.0
-1272.0
-1356.0
-1365.0
-2349.0
-1180.0
-1430.0
-1166.0
-1715.0
-1044.0
-1032.0
-1032.0
-1482.0
-2188.0
-1069.0
-1024.0
-1632.0
-1848.0
-2006.0
-1106.0
-1304.0
-1757.0
-1287.0
-1747.0
-1753.0
-1439.0
-1968.0
-2322.0
-2226.0
-2085.0
-2003.0
-2039.0
-1095.0
-1224.0
-1885.0
-1449.0
-1290.0
-1146.0
-1043.0
-973.0
-1452.0
-1474.0
-1087.0
-1083.0
-1459.0
-1603.0
-1434.0
-1403.0
-1568.0
-1386.0
-1850.0
-1694.0
-1058.0
-1336.0
-2216.0
-1320.0
-1135.0
-1155.0
-1620.0
-1109.0
-1228.0
-2978.0
-1726.0
-3872.0
-1106.0
-1031.0
-2123.0
-1687.0
-2717.0
-1128.0
-1434.0
-2089.0
-1886.0
-1801.0
-1450.0
-1954.0
-1960.0
-2138.0
-2195.0
-1993.0
-1327.0
-1799.0
-880.0
-1136.0
-1458.0
-1711.0
-1575.0
-1306.0
-1230.0
-2637.0
-1494.0
-1673.0
-1684.0
-1279.0
-1982.0
-1801.0
-875.0
-1499.0
-1486.0
-1689.0
-2032.0
-1997.0
-1262.0
-2430.0
-2219.0
-1201.0
-1042.0
-1803.0
-2682.0
-1473.0
-1038.0
-1437.0
-1473.0
-3299.0
-1272.0
-1121.0
-1373.0
-4917.0
-2737.0
-1907.0
-2718.0
-3546.0
-1200.0
-1771.0
-2097.0
-1618.0
-2045.0
-3111.0
-3053.0
-2184.0
-2035.0
-1318.0
-1043.0
-1257.0
-1588.0
-1834.0
-1154.0
-1184.0
-1158.0
-1081.0
-1702.0
-1770.0
-1287.0
-1190.0
-1648.0
-1672.0
-1438.0
-1284.0
-1536.0
-1366.0
-2002.0
-1060.0
-1488.0
-1151.0
-2904.0
-1259.0
-1297.0
-1329.0
-1898.0
-1152.0
-1210.0
-4500.0
-1503.0
-1912.0
-926.0
-1332.0
-2383.0
-1726.0
-2210.0
-1176.0
-1927.0
-1743.0
-1342.0
-1943.0
-1564.0
-1149.0
-2020.0
-1618.0
-2250.0
-2077.0
-2964.0
-1397.0
-2642.0
-1085.0
-1800.0
-1464.0
-1526.0
-1382.0
-3004.0
-1312.0
-2312.0
-2502.0
-1347.0
-1280.0
-1390.0
-1759.0
-2440.0
-1357.0
-1617.0
-1722.0
-1960.0
-1251.0
-1555.0
-1358.0
-2620.0
-1081.0
-1047.0
-1163.0
-1664.0
-1007.0
-1193.0
-1022.0
-1488.0
-1692.0
-1092.0
-1087.0
-1319.0
-2046.0
-1906.0
-1151.0
-1320.0
-1728.0
-1248.0
-1901.0
-2036.0
-1207.0
-1875.0
-1574.0
-1657.0
-1567.0
-1514.0
-1233.0
-989.0
-1094.0
-1367.0
-1541.0
-1281.0
-1197.0
-1091.0
-643.0
-1722.0
-1375.0
-1051.0
-1126.0
-1431.0
-1363.0
-1048.0
-1606.0
-1686.0
-1409.0
-1998.0
-1676.0
-1646.0
-1165.0
-1863.0
-1147.0
-1026.0
-1115.0
-2084.0
-1054.0
-1080.0
-1247.0
-1724.0
-1372.0
-1142.0
-1041.0
-1353.0
-1685.0
-2093.0
-1063.0
-1301.0
-1371.0
-1371.0
-1675.0
-1603.0
-1385.0
-2370.0
-1795.0
-2060.0
-1924.0
-1555.0
-1121.0
-996.0
-1011.0
-1369.0
-1440.0
-1384.0
-1225.0
-1043.0
-539.0
-1773.0
-1637.0
-1000.0
-607.0
-1354.0
-2771.0
-1378.0
-1483.0
-1802.0
-1263.0
-2388.0
-1155.0
-1091.0
-1133.0
-2277.0
-1337.0
-1092.0
-2082.0
-1629.0
-1050.0
-1042.0
-1293.0
-1578.0
-1553.0
-1006.0
-1019.0
-1380.0
-1564.0
-2039.0
-1130.0
-1244.0
-1571.0
-1351.0
-1468.0
-1552.0
-1279.0
-1782.0
-1557.0
-1936.0
-1438.0
-1198.0
-1180.0
-1034.0
-1435.0
-1213.0
-1535.0
-1216.0
-745.0
-1034.0
-1064.0
-1720.0
-1413.0
-1030.0
-1024.0
-1329.0
-1544.0
-693.0
-1339.0
-1732.0
-1358.0
-1745.0
-1165.0
-1059.0
-1151.0
-1924.0
-1229.0
-935.0
-2037.0
-1720.0
-1055.0
-1746.0
-1629.0
-1555.0
-1946.0
-868.0
-821.0
-1589.0
-2721.0
-2040.0
-1489.0
-1738.0
-1696.0
-1238.0
-1883.0
-1905.0
-1172.0
-1894.0
-1634.0
-2005.0
-1759.0
-1534.0
-1311.0
-973.0
-1327.0
-1426.0
-1416.0
-1170.0
-1090.0
-1016.0
-849.0
-1654.0
-2183.0
-1627.0
-616.0
-1352.0
-2547.0
-1000.0
-1341.0
-1808.0
-1393.0
-1819.0
-1270.0
-1066.0
-1467.0
-1856.0
-1360.0
-1130.0
-1071.0
-1738.0
-604.0
-1009.0
-617.0
-2004.0
-1663.0
-1027.0
-966.0
-1318.0
-1760.0
-1706.0
-1086.0
-1376.0
-1426.0
-1356.0
-1386.0
-1455.0
-1236.0
-2067.0
-1855.0
-2042.0
-1562.0
-1362.0
-1303.0
-670.0
-978.0
-1873.0
-1676.0
-1227.0
-1245.0
-1142.0
-939.0
-1594.0
-1290.0
-1139.0
-1014.0
-1219.0
-1525.0
-816.0
-1380.0
-1677.0
-1211.0
-2017.0
-1134.0
-914.0
-1133.0
-2305.0
-1261.0
-1057.0
-1137.0
-1690.0
-1013.0
-1180.0
-1044.0
-2511.0
-1448.0
-1051.0
-1095.0
-1342.0
-3272.0
-1741.0
-1172.0
-1309.0
-1529.0
-1345.0
-1757.0
-1510.0
-1195.0
-1971.0
-1738.0
-1908.0
-1750.0
-1359.0
-1291.0
-981.0
-546.0
-2015.0
-1574.0
-2230.0
-1097.0
-1632.0
-1102.0
-1477.0
-1512.0
-1183.0
-1025.0
-1411.0
-1541.0
-749.0
-1290.0
-1609.0
-1511.0
-1932.0
-1196.0
-1014.0
-1227.0
-2392.0
-1265.0
-1217.0
-1025.0
-2230.0
-991.0
-1010.0
-1211.0
-1439.0
-1703.0
-1278.0
-1731.0
-2192.0
-2725.0
-1994.0
-1400.0
-1490.0
-1542.0
-1227.0
-1504.0
-1858.0
-1410.0
-1916.0
-1805.0
-1864.0
-2387.0
-1495.0
-1178.0
-987.0
-1002.0
-1410.0
-1585.0
-990.0
-1314.0
-2897.0
-404.0
-2711.0
-1732.0
-989.0
-1099.0
-1318.0
-1330.0
-1348.0
-1291.0
-1465.0
-1309.0
-1968.0
-1205.0
-1079.0
-1574.0
-2159.0
-1239.0
-1076.0
-1117.0
-1660.0
-1449.0
-1125.0
-1003.0
-1959.0
-1531.0
-1393.0
-987.0
-1565.0
-1941.0
-2502.0
-1737.0
-1456.0
-1556.0
-1407.0
-1540.0
-1401.0
-1392.0
-2361.0
-1457.0
-1600.0
-1956.0
-1714.0
-1191.0
-1003.0
-1096.0
-1311.0
-1586.0
-1134.0
-1531.0
-1044.0
-1013.0
-1510.0
-2268.0
-1313.0
-1039.0
-1401.0
-1382.0
-974.0
-1429.0
-1814.0
-1584.0
-2145.0
-1167.0
-1072.0
-1002.0
-2067.0
-1386.0
-995.0
-1082.0
-1744.0
-733.0
-1134.0
-1174.0
-1246.0
-2229.0
-1003.0
-1007.0
-4567.0
-1849.0
-3076.0
-1105.0
-1366.0
-2350.0
-4327.0
-1549.0
-1626.0
-1207.0
-1607.0
-2288.0
-2846.0
-1658.0
-1716.0
-1203.0
-987.0
-1075.0
-1897.0
-1542.0
-1179.0
-2364.0
-1511.0
-1968.0
-2606.0
-2894.0
-986.0
-1426.0
-1520.0
-1396.0
-1027.0
-1998.0
-1720.0
-1594.0
-1847.0
-1180.0
-1175.0
-1377.0
-2414.0
-1260.0
-4100.0
-1154.0
-1813.0
-1162.0
-995.0
-2487.0
-4306.0
-1571.0
-965.0
-983.0
-1339.0
-3633.0
-4590.0
-2998.0
-3020.0
-4128.0
-1635.0
-1796.0
-5223.0
-1251.0
-2476.0
-1939.0
-1947.0
-1943.0
-1552.0
-1174.0
-977.0
-990.0
-1381.0
-1438.0
-855.0
-1213.0
-1143.0
-944.0
-1914.0
-1360.0
-957.0
-980.0
-1354.0
-1245.0
-1000.0
-1382.0
-1896.0
-1219.0
-1818.0
-1193.0
-722.0
-1149.0
-2091.0
-1146.0
-971.0
-1111.0
-1538.0
-1038.0
-976.0
-1002.0
-1409.0
-1577.0
-1025.0
-1122.0
-1484.0
-1794.0
-1966.0
-1257.0
-1399.0
-1310.0
-1420.0
-1643.0
-1490.0
-1297.0
-2100.0
-2644.0
-2048.0
-1617.0
-2466.0
-1361.0
-493.0
-837.0
-1992.0
-3084.0
-878.0
-1742.0
-2949.0
-1840.0
-2468.0
-1247.0
-1552.0
-997.0
-1311.0
-1370.0
-1077.0
-1471.0
-1931.0
-2294.0
-2003.0
-1126.0
-1028.0
-1096.0
-2146.0
-3045.0
-1000.0
-1146.0
-1562.0
-983.0
-1002.0
-956.0
-2062.0
-1401.0
-1416.0
-1020.0
-1338.0
-3966.0
-1642.0
-1075.0
-1247.0
-3777.0
-3841.0
-2167.0
-3890.0
-1180.0
-2071.0
-1434.0
-1705.0
-1520.0
-1321.0
-1114.0
-1365.0
-978.0
-1672.0
-1411.0
-1307.0
-1031.0
-1104.0
-972.0
-1533.0
-1397.0
-1082.0
-868.0
-3271.0
-1397.0
-1040.0
-1378.0
-1603.0
-1208.0
-1687.0
-1630.0
-1163.0
-1118.0
-2329.0
-1283.0
-1098.0
-1275.0
-1560.0
-1802.0
-1470.0
-1036.0
-1388.0
-1457.0
-976.0
-980.0
-1233.0
-1680.0
-1823.0
-1124.0
-1207.0
-1602.0
-1642.0
-1995.0
-1363.0
-1319.0
-3057.0
-1552.0
-1594.0
-1433.0
-1419.0
-1139.0
-985.0
-1020.0
-1433.0
-1369.0
-1142.0
-695.0
-1019.0
-971.0
-1541.0
-1584.0
-968.0
-993.0
-1324.0
-1349.0
-982.0
-1257.0
-1383.0
-1315.0
-1690.0
-1273.0
-1020.0
-1151.0
-1715.0
-1335.0
-999.0
-1158.0
-2305.0
-962.0
-1023.0
-997.0
-1557.0
-1585.0
-1028.0
-1025.0
-1507.0
-1861.0
-1739.0
-1115.0
-1166.0
-1761.0
-1340.0
-1493.0
-1493.0
-1152.0
-1880.0
-1405.0
-2067.0
-2117.0
-3846.0
-1268.0
-1012.0
-1057.0
-3625.0
-1532.0
-1182.0
-1317.0
-996.0
-751.0
-1484.0
-1914.0
-503.0
-1013.0
-1416.0
-1853.0
-1035.0
-1332.0
-1701.0
-1177.0
-1990.0
-2852.0
-1095.0
-1066.0
-1694.0
-1139.0
-1234.0
-1083.0
-1774.0
-1027.0
-1013.0
-1069.0
-1729.0
-1620.0
-1061.0
-1086.0
-1328.0
-1913.0
-1673.0
-1079.0
-1159.0
-1393.0
-1382.0
-1760.0
-1805.0
-1241.0
-2049.0
-1571.0
-1891.0
-1371.0
-1421.0
-1697.0
-1033.0
-1170.0
-1260.0
-4006.0
-1351.0
-870.0
-1365.0
-990.0
-1657.0
-1365.0
-983.0
-970.0
-1359.0
-1744.0
-1016.0
-1326.0
-1591.0
-1420.0
-1898.0
-1113.0
-997.0
-1249.0
-2175.0
-1140.0
-982.0
-1041.0
-1602.0
-989.0
-1060.0
-1004.0
-1725.0
-1559.0
-2262.0
-979.0
-1367.0
-2073.0
-2028.0
-1066.0
-1191.0
-1440.0
-1231.0
-1588.0
-1482.0
-1220.0
-1854.0
-2013.0
-1717.0
-1440.0
-1781.0
-1323.0
-1215.0
-993.0
-1363.0
-1494.0
-1132.0
-1096.0
-1017.0
-956.0
-1623.0
-1389.0
-958.0
-973.0
-1313.0
-1252.0
-614.0
-1386.0
-1748.0
-1356.0
-2135.0
-1795.0
-1030.0
-1209.0
-1926.0
-1245.0
-759.0
-1046.0
-1798.0
-1013.0
-973.0
-1130.0
-4103.0
-1465.0
-374.0
-971.0
-1334.0
-1719.0
-1931.0
-1144.0
-1331.0
-1521.0
-1290.0
-1680.0
-1379.0
-1126.0
-1715.0
-1484.0
-1907.0
-1796.0
-1746.0
-1232.0
-964.0
-1005.0
-1347.0
-1711.0
-1130.0
-1135.0
-1035.0
-924.0
-1444.0
-1494.0
-952.0
-1017.0
-1355.0
-1357.0
-979.0
-1310.0
-2042.0
-1281.0
-1802.0
-1084.0
-1423.0
-1485.0
-2246.0
-1324.0
-1053.0
-1122.0
-1570.0
-1005.0
-1046.0
-1000.0
-1541.0
-1904.0
-1589.0
-971.0
-1579.0
-1717.0
-1850.0
-1087.0
-1280.0
-1882.0
-1620.0
-1409.0
-1624.0
-1233.0
-1977.0
-1495.0
-1759.0
-1424.0
-1855.0
-1142.0
-989.0
-966.0
-1208.0
-1388.0
-1121.0
-1132.0
-1107.0
-325.0
-1458.0
-1442.0
-755.0
-972.0
-1250.0
-1217.0
-1068.0
-1501.0
-1507.0
-2122.0
-1893.0
-1322.0
-1028.0
-1249.0
-2716.0
-1129.0
-1026.0
-1048.0
-1610.0
-2162.0
-1073.0
-1087.0
-1723.0
-1478.0
-1092.0
-983.0
-1301.0
-2067.0
-1738.0
-1175.0
-1162.0
-1549.0
-1354.0
-1885.0
-1538.0
-1730.0
-2174.0
-1332.0
-1889.0
-1302.0
-1471.0
-1208.0
-981.0
-1020.0
-4694.0
-1995.0
-1274.0
-1049.0
-1046.0
-537.0
-1679.0
-1412.0
-1010.0
-1007.0
-1386.0
-1230.0
-1028.0
-1465.0
-2742.0
-1332.0
-1826.0
-1718.0
-1087.0
-1068.0
-2016.0
-1150.0
-1066.0
-1129.0
-1470.0
-1136.0
-1734.0
-1035.0
-1472.0
-1445.0
-976.0
-1006.0
-1329.0
-1852.0
-1873.0
-1169.0
-1342.0
-1886.0
-1256.0
-1372.0
-1417.0
-1238.0
-1828.0
-1356.0
-1698.0
-1221.0
-1435.0
-1861.0
-965.0
-1011.0
-1317.0
-1475.0
-1182.0
-1392.0
-1018.0
-963.0
-1424.0
-1482.0
-1131.0
-1103.0
-1520.0
-1210.0
-1029.0
-1231.0
-1744.0
-1276.0
-1765.0
-1316.0
-1116.0
-1135.0
-2267.0
-1185.0
-1043.0
-1089.0
-1326.0
-959.0
-989.0
-864.0
-1457.0
-1248.0
-1296.0
-1032.0
-1382.0
-1960.0
-5647.0
-1084.0
-1167.0
-1592.0
-1278.0
-1743.0
-1515.0
-1997.0
-1764.0
-4243.0
-2233.0
-1296.0
-1398.0
-1262.0
-554.0
-1074.0
-1174.0
-1578.0
-1118.0
-1112.0
-1120.0
-742.0
-1646.0
-1466.0
-1346.0
-1176.0
-1295.0
-1199.0
-985.0
-1209.0
-2469.0
-1289.0
-1726.0
-1348.0
-1019.0
-1089.0
-2323.0
-1103.0
-753.0
-1213.0
-1582.0
-1023.0
-998.0
-961.0
-1531.0
-1415.0
-976.0
-1028.0
-1371.0
-1670.0
-1832.0
-1089.0
-1210.0
-1566.0
-1466.0
-1399.0
-1452.0
-1106.0
-1763.0
-1358.0
-1638.0
-1338.0
-1395.0
-1147.0
-964.0
-1024.0
-1254.0
-1487.0
-1154.0
-1205.0
-1056.0
-946.0
-1533.0
-1493.0
-978.0
-985.0
-1278.0
-1166.0
-971.0
-1525.0
-2254.0
-1214.0
-1808.0
-1102.0
-1074.0
-1106.0
-2156.0
-1132.0
-1068.0
-1158.0
-1334.0
-1000.0
-1004.0
-1016.0
-1538.0
-1523.0
-938.0
-565.0
-1358.0
-1669.0
-1729.0
-1082.0
-1228.0
-2493.0
-1347.0
-1328.0
-1562.0
-1250.0
-2025.0
-1437.0
-1559.0
-1555.0
-1790.0
-1457.0
-990.0
-602.0
-1303.0
-1671.0
-1278.0
-1216.0
-1075.0
-1497.0
-1583.0
-1282.0
-1116.0
-1919.0
-1336.0
-1612.0
-1311.0
-1649.0
-1514.0
-1222.0
-1850.0
-1101.0
-1276.0
-1260.0
-1988.0
-1276.0
-982.0
-1086.0
-1530.0
-976.0
-1031.0
-1001.0
-1330.0
-1502.0
-944.0
-972.0
-1448.0
-1722.0
-1705.0
-1158.0
-1421.0
-1638.0
-1242.0
-1672.0
-1502.0
-1142.0
-2371.0
-1913.0
-1611.0
-1517.0
-1465.0
-1248.0
-994.0
-2086.0
-1477.0
-1581.0
-1071.0
-1112.0
-1041.0
-948.0
-1625.0
-1394.0
-958.0
-953.0
-1205.0
-1189.0
-969.0
-1335.0
-1486.0
-1453.0
-1851.0
-1131.0
-1100.0
-1137.0
-1961.0
-1238.0
-995.0
-1101.0
-1568.0
-952.0
-947.0
-943.0
-1455.0
-1525.0
-948.0
-984.0
-1654.0
-2146.0
-1702.0
-1600.0
-1509.0
-2124.0
-1668.0
-1449.0
-1502.0
-1166.0
-2031.0
-1694.0
-2077.0
-1332.0
-1497.0
-1235.0
-1005.0
-1006.0
-1301.0
-1495.0
-1134.0
-1309.0
-1119.0
-1081.0
-1455.0
-1458.0
-957.0
-1135.0
-1299.0
-1222.0
-1037.0
-1363.0
-1434.0
-1163.0
-1883.0
-1186.0
-991.0
-1098.0
-1878.0
-1136.0
-652.0
-1080.0
-1735.0
-1008.0
-1066.0
-976.0
-1265.0
-1219.0
-964.0
-967.0
-1376.0
-1844.0
-1730.0
-1099.0
-1424.0
-1596.0
-1545.0
-1669.0
-1761.0
-1251.0
-1737.0
-1508.0
-1701.0
-1621.0
-1533.0
-1321.0
-1108.0
-982.0
-1281.0
-1419.0
-1068.0
-1143.0
-1088.0
-926.0
-1679.0
-1310.0
-971.0
-974.0
-1271.0
-1282.0
-1018.0
-1376.0
-1289.0
-1279.0
-1643.0
-1167.0
-1139.0
-1081.0
-2099.0
-1150.0
-1155.0
-1078.0
-1541.0
-999.0
-939.0
-1002.0
-1500.0
-1390.0
-958.0
-1332.0
-1575.0
-1634.0
-1887.0
-1097.0
-1265.0
-1673.0
-1330.0
-1459.0
-1483.0
-1301.0
-1665.0
-1531.0
-2094.0
-1379.0
-1548.0
-1204.0
-972.0
-994.0
-1235.0
-1453.0
-1132.0
-1133.0
-1129.0
-938.0
-1476.0
-1393.0
-968.0
-966.0
-1267.0
-1420.0
-774.0
-1304.0
-1496.0
-1329.0
-1580.0
-1206.0
-1133.0
-1333.0
-2134.0
-1132.0
-991.0
-1190.0
-1492.0
-2021.0
-1150.0
-1245.0
-1215.0
-1463.0
-956.0
-3727.0
-1322.0
-1845.0
-1788.0
-869.0
-1308.0
-1688.0
-1358.0
-1987.0
-1554.0
-1360.0
-2112.0
-1452.0
-1696.0
-1385.0
-1572.0
-1235.0
-974.0
-994.0
-1164.0
-1518.0
-1149.0
-1029.0
-1143.0
-946.0
-1535.0
-1468.0
-976.0
-426.0
-1407.0
-1300.0
-1251.0
-1625.0
-1529.0
-1909.0
-1770.0
-1306.0
-612.0
-1056.0
-3576.0
-2822.0
-996.0
-1681.0
-1495.0
-991.0
-506.0
-949.0
-1471.0
-1351.0
-1143.0
-989.0
-1343.0
-1845.0
-1722.0
-1234.0
-1203.0
-1428.0
-1174.0
-1890.0
-1572.0
-1102.0
-1709.0
-1427.0
-1621.0
-1403.0
-1370.0
-1221.0
-1013.0
-969.0
-1304.0
-1680.0
-1200.0
-1188.0
-1058.0
-939.0
-1543.0
-1533.0
-989.0
-797.0
-1321.0
-1114.0
-977.0
-1327.0
-1660.0
-1274.0
-1786.0
-1122.0
-993.0
-1083.0
-1722.0
-1036.0
-411.0
-1084.0
-1402.0
-981.0
-836.0
-983.0
-1508.0
-1336.0
-958.0
-964.0
-1346.0
-1680.0
-1696.0
-1064.0
-1425.0
-1360.0
-1184.0
-3448.0
-1479.0
-2284.0
-1937.0
-1356.0
-1938.0
-1854.0
-1527.0
-1635.0
-1223.0
-926.0
-1283.0
-2053.0
-1057.0
-1414.0
-1054.0
-774.0
-2848.0
-1755.0
-988.0
-2347.0
-1288.0
-2196.0
-985.0
-1461.0
-1709.0
-1230.0
-2026.0
-1084.0
-1110.0
-1197.0
-1765.0
-1123.0
-1024.0
-1081.0
-1586.0
-1089.0
-967.0
-993.0
-1586.0
-1290.0
-1007.0
-975.0
-1501.0
-2551.0
-1609.0
-1121.0
-1244.0
-1837.0
-1554.0
-1576.0
-1931.0
-1169.0
-1800.0
-1424.0
-1684.0
-1312.0
-1562.0
-1470.0
-984.0
-1083.0
-4029.0
-1411.0
-1132.0
-1175.0
-1036.0
-949.0
-1587.0
-1710.0
-970.0
-944.0
-1312.0
-1557.0
-970.0
-1322.0
-1346.0
-1296.0
-2004.0
-1065.0
-1009.0
-1122.0
-1842.0
-1096.0
-1046.0
-1055.0
-1591.0
-968.0
-1048.0
-1036.0
-1338.0
-1415.0
-973.0
-993.0
-1367.0
-1883.0
-1629.0
-1444.0
-1157.0
-1559.0
-1262.0
-1402.0
-1363.0
-1142.0
-2528.0
-1426.0
-1530.0
-1478.0
-1667.0
-1310.0
-691.0
-640.0
-1247.0
-1421.0
-1137.0
-1081.0
-994.0
-942.0
-1638.0
-1515.0
-971.0
-1027.0
-1250.0
-1264.0
-963.0
-1280.0
-1532.0
-1272.0
-2220.0
-1093.0
-1281.0
-1040.0
-1906.0
-1126.0
-1521.0
-1075.0
-1495.0
-993.0
-977.0
-1017.0
-1397.0
-1380.0
-964.0
-973.0
-1378.0
-1568.0
-1655.0
-1109.0
-1288.0
-1869.0
-1290.0
-1473.0
-1435.0
-1098.0
-2322.0
-1380.0
-1647.0
-2050.0
-1819.0
-1258.0
-524.0
-1009.0
-1315.0
-1482.0
-1154.0
-1125.0
-1044.0
-386.0
-1551.0
-1344.0
-954.0
-956.0
-1287.0
-1150.0
-1017.0
-1199.0
-1465.0
-1349.0
-1646.0
-1357.0
-1428.0
-926.0
-2126.0
-1224.0
-1095.0
-1107.0
-1308.0
-992.0
-1005.0
-996.0
-2004.0
-1294.0
-1569.0
-466.0
-1419.0
-2777.0
-1892.0
-1108.0
-1240.0
-1695.0
-1809.0
-1397.0
-1550.0
-1237.0
-2049.0
-1399.0
-1636.0
-1562.0
-1327.0
-1162.0
-952.0
-986.0
-1271.0
-1444.0
-1191.0
-1158.0
-1019.0
-977.0
-1349.0
-1556.0
-946.0
-987.0
-1268.0
-1245.0
-998.0
-1334.0
-1451.0
-1262.0
-1926.0
-1097.0
-997.0
-1092.0
-2264.0
-1134.0
-1040.0
-1076.0
-1527.0
-1012.0
-984.0
-958.0
-1404.0
-1445.0
-968.0
-995.0
-1301.0
-1819.0
-3045.0
-1073.0
-1222.0
-1599.0
-1330.0
-1481.0
-1501.0
-1124.0
-1890.0
-1794.0
-1582.0
-1472.0
-1557.0
-1301.0
-974.0
-1035.0
-1261.0
-1450.0
-1071.0
-1114.0
-1064.0
-949.0
-1465.0
-1371.0
-980.0
-973.0
-1281.0
-1265.0
-987.0
-1298.0
-1627.0
-1310.0
-1845.0
-1266.0
-1056.0
-1081.0
-2293.0
-1123.0
-988.0
-1163.0
-1421.0
-988.0
-1260.0
-1013.0
-1369.0
-1345.0
-997.0
-979.0
-1382.0
-1761.0
-1761.0
-1107.0
-1105.0
-1504.0
-1249.0
-1712.0
-1540.0
-1114.0
-1847.0
-2071.0
-1579.0
-1283.0
-1417.0
-1269.0
-578.0
-1036.0
-1361.0
-1461.0
-1076.0
-1119.0
-1007.0
-433.0
-1593.0
-1250.0
-969.0
-935.0
-1327.0
-1359.0
-1018.0
-1224.0
-1481.0
-1140.0
-1541.0
-1086.0
-677.0
-1105.0
-2336.0
-1113.0
-553.0
-1093.0
-1525.0
-1022.0
-975.0
-967.0
-1306.0
-1595.0
-595.0
-983.0
-1239.0
-1734.0
-2908.0
-1097.0
-757.0
-2360.0
-1246.0
-2009.0
-1499.0
-1150.0
-2780.0
-1307.0
-1664.0
-1372.0
-1417.0
-1194.0
-946.0
-996.0
-1482.0
-1449.0
-778.0
-1072.0
-1212.0
-985.0
-1533.0
-1413.0
-1010.0
-972.0
-1349.0
-1194.0
-1024.0
-1168.0
-1478.0
-1145.0
-1577.0
-1141.0
-957.0
-1135.0
-2663.0
-1134.0
-1018.0
-1010.0
-1444.0
-1051.0
-995.0
-996.0
-1388.0
-1274.0
-1018.0
-970.0
-1189.0
-1675.0
-1815.0
-1091.0
-1276.0
-1487.0
-1270.0
-1560.0
-1426.0
-1164.0
-1933.0
-1411.0
-1605.0
-1389.0
-1366.0
-1184.0
-993.0
-967.0
-1258.0
-1302.0
-1077.0
-1136.0
-1000.0
-965.0
-1481.0
-1349.0
-957.0
-1001.0
-1448.0
-1690.0
-1003.0
-1549.0
-1510.0
-1217.0
-1828.0
-1077.0
-986.0
-1136.0
-2519.0
-1029.0
-991.0
-1055.0
-1358.0
-965.0
-996.0
-1009.0
-1344.0
-1242.0
-947.0
-961.0
-1331.0
-1656.0
-1664.0
-1092.0
-1216.0
-1781.0
-1355.0
-1388.0
-1323.0
-1218.0
-2030.0
-1380.0
-1612.0
-1385.0
-1604.0
-1181.0
-1009.0
-976.0
-1309.0
-2109.0
-1100.0
-1192.0
-1081.0
-928.0
-1280.0
-1429.0
-974.0
-518.0
-1301.0
-1224.0
-1064.0
-1265.0
-1432.0
-1244.0
-1645.0
-1159.0
-1036.0
-979.0
-2057.0
-1165.0
-1201.0
-1054.0
-1497.0
-874.0
-1044.0
-578.0
-1395.0
-1345.0
-992.0
-938.0
-1295.0
-1505.0
-1961.0
-1100.0
-1125.0
-1366.0
-1228.0
-1428.0
-1619.0
-1169.0
-2089.0
-1389.0
-1619.0
-3434.0
-3066.0
-1685.0
-612.0
-1015.0
-1214.0
-1451.0
-1137.0
-1607.0
-1034.0
-947.0
-1446.0
-3683.0
-988.0
-986.0
-1600.0
-1229.0
-967.0
-1427.0
-1424.0
-1312.0
-1942.0
-1875.0
-1042.0
-1060.0
-2026.0
-1101.0
-983.0
-1023.0
-1674.0
-988.0
-969.0
-966.0
-1382.0
-1169.0
-971.0
-1002.0
-1331.0
-1701.0
-1829.0
-1466.0
-1110.0
-1620.0
-1271.0
-1487.0
-1533.0
-1154.0
-2020.0
-1427.0
-1667.0
-1430.0
-4074.0
-1228.0
-954.0
-1004.0
-1009.0
-1515.0
-1250.0
-1015.0
-1007.0
-950.0
-1491.0
-1331.0
-1031.0
-953.0
-1244.0
-1232.0
-1018.0
-1203.0
-4156.0
-1189.0
-1570.0
-1192.0
-764.0
-1144.0
-2748.0
-1109.0
-3021.0
-1086.0
-1480.0
-1015.0
-995.0
-1000.0
-1393.0
-1467.0
-968.0
-972.0
-1337.0
-1647.0
-1963.0
-1077.0
-1350.0
-4336.0
-1347.0
-3625.0
-1517.0
-1199.0
-1780.0
-1496.0
-2407.0
-1255.0
-1524.0
-1301.0
-1235.0
-1045.0
-1278.0
-1262.0
-1125.0
-1079.0
-1003.0
-1028.0
-1493.0
-1458.0
-939.0
-932.0
-1005.0
-1257.0
-980.0
-1237.0
-1358.0
-1352.0
-1798.0
-1077.0
-985.0
-1088.0
-2296.0
-1084.0
-1005.0
-1093.0
-1481.0
-942.0
-938.0
-984.0
-1251.0
-1292.0
-444.0
-961.0
-1439.0
-1741.0
-1855.0
-1051.0
-1231.0
-1675.0
-1244.0
-1375.0
-1321.0
-1171.0
-1784.0
-2357.0
-1624.0
-1291.0
-1521.0
-1158.0
-1027.0
-931.0
-1248.0
-1485.0
-1071.0
-1113.0
-1037.0
-911.0
-1302.0
-1340.0
-1006.0
-956.0
-1282.0
-1244.0
-942.0
-1315.0
-1427.0
-1234.0
-1975.0
-1103.0
-1042.0
-1083.0
-2497.0
-1097.0
-941.0
-1125.0
-1532.0
-958.0
-959.0
-971.0
-1184.0
-1254.0
-921.0
-947.0
-1265.0
-1693.0
-1739.0
-1081.0
-1189.0
-1494.0
-1260.0
-1371.0
-1629.0
-1041.0
-1698.0
-1302.0
-1610.0
-1322.0
-1331.0
-1263.0
-503.0
-1003.0
-1106.0
-1680.0
-1104.0
-1109.0
-1011.0
-978.0
-4463.0
-2187.0
-938.0
-680.0
-2219.0
-1482.0
-1541.0
-1445.0
-1320.0
-1163.0
-2150.0
-1322.0
-2583.0
-2276.0
-2172.0
-4665.0
-1486.0
-1049.0
-2118.0
-1047.0
-1009.0
-1021.0
-1561.0
-1286.0
-1165.0
-933.0
-1401.0
-1799.0
-1675.0
-1139.0
-1207.0
-1381.0
-1210.0
-1414.0
-1536.0
-1193.0
-1892.0
-1319.0
-1544.0
-1301.0
-1842.0
-1202.0
-977.0
-1002.0
-1284.0
-1262.0
-1044.0
-1148.0
-1017.0
-952.0
-1397.0
-1508.0
-939.0
-926.0
-1349.0
-1099.0
-1000.0
-1388.0
-1351.0
-1224.0
-2010.0
-1110.0
-1039.0
-2707.0
-2525.0
-1119.0
-1018.0
-1091.0
-1547.0
-977.0
-987.0
-1023.0
-1258.0
-1283.0
-952.0
-965.0
-1203.0
-1850.0
-1790.0
-1139.0
-1214.0
-1424.0
-1244.0
-1425.0
-1415.0
-1218.0
-1799.0
-1563.0
-1687.0
-1146.0
-1295.0
-1221.0
-947.0
-949.0
-1249.0
-1577.0
-1140.0
-1081.0
-1034.0
-922.0
-4271.0
-1335.0
-948.0
-946.0
-1216.0
-1145.0
-981.0
-1220.0
-1419.0
-1188.0
-1616.0
-1321.0
-943.0
-1251.0
-1896.0
-1121.0
-990.0
-1080.0
-1504.0
-976.0
-999.0
-947.0
-1471.0
-1208.0
-1026.0
-1024.0
-1328.0
-1784.0
-1727.0
-1016.0
-1159.0
-1535.0
-1170.0
-1363.0
-1446.0
-1084.0
-1841.0
-1479.0
-1590.0
-1332.0
-1641.0
-1327.0
-959.0
-3277.0
-1569.0
-1278.0
-1130.0
-1035.0
-1006.0
-1135.0
-1905.0
-1337.0
-969.0
-974.0
-1326.0
-1896.0
-1034.0
-1321.0
-1345.0
-1163.0
-1974.0
-1129.0
-1040.0
-1110.0
-2224.0
-1109.0
-1046.0
-1085.0
-1552.0
-1085.0
-1018.0
-1011.0
-1321.0
-1295.0
-961.0
-973.0
-1312.0
-1910.0
-2011.0
-1035.0
-1215.0
-1275.0
-1285.0
-1335.0
-1337.0
-1214.0
-1870.0
-1404.0
-1645.0
-1380.0
-1459.0
-1197.0
-954.0
-995.0
-1254.0
-1440.0
-1128.0
-1103.0
-989.0
-942.0
-1401.0
-1399.0
-979.0
-936.0
-1259.0
-1159.0
-997.0
-1318.0
-1575.0
-1195.0
-1838.0
-1112.0
-971.0
-1075.0
-2623.0
-1129.0
-1041.0
-1131.0
-1514.0
-957.0
-965.0
-934.0
-1423.0
-1277.0
-960.0
-959.0
-1270.0
-1509.0
-1640.0
-1080.0
-1189.0
-1318.0
-1230.0
-1430.0
-1327.0
-1160.0
-1845.0
-1417.0
-1572.0
-1254.0
-1307.0
-1229.0
-956.0
-1009.0
-1067.0
-1417.0
-846.0
-1011.0
-1108.0
-959.0
-1641.0
-1379.0
-978.0
-960.0
-1303.0
-1258.0
-1029.0
-1241.0
-1391.0
-1183.0
-1688.0
-1057.0
-974.0
-1076.0
-2226.0
-1100.0
-808.0
-1094.0
-1532.0
-989.0
-986.0
-940.0
-1311.0
-1439.0
-924.0
-977.0
-1275.0
-1956.0
-1826.0
-1082.0
-1115.0
-1331.0
-1221.0
-1645.0
-1442.0
-1128.0
-2010.0
-1531.0
-1976.0
-1459.0
-1423.0
-1243.0
-1028.0
-944.0
-1382.0
-1489.0
-1091.0
-745.0
-1044.0
-353.0
-1393.0
-1359.0
-976.0
-1021.0
-1247.0
-1414.0
-1046.0
-1206.0
-1242.0
-1290.0
-1895.0
-1676.0
-987.0
-1122.0
-2145.0
-1147.0
-464.0
-996.0
-1525.0
-957.0
-996.0
-1039.0
-1437.0
-1192.0
-1019.0
-1005.0
-1399.0
-1630.0
-1795.0
-1103.0
-1247.0
-1522.0
-1143.0
-1422.0
-1497.0
-1063.0
-1796.0
-1360.0
-1684.0
-1461.0
-1292.0
-1291.0
-460.0
-996.0
-1390.0
-1315.0
-1183.0
-1037.0
-998.0
-749.0
-1582.0
-1876.0
-1016.0
-1024.0
-1281.0
-1328.0
-978.0
-1297.0
-1353.0
-1252.0
-1835.0
-1114.0
-1025.0
-1065.0
-2147.0
-1086.0
-1001.0
-1074.0
-1475.0
-984.0
-951.0
-983.0
-1436.0
-1218.0
-957.0
-964.0
-1284.0
-1816.0
-1760.0
-1058.0
-1284.0
-1306.0
-1215.0
-1431.0
-1375.0
-1150.0
-2947.0
-1325.0
-1934.0
-1634.0
-1407.0
-2550.0
-945.0
-866.0
-1298.0
-1350.0
-1214.0
-1058.0
-1006.0
-942.0
-1397.0
-1640.0
-1363.0
-1971.0
-1317.0
-1190.0
-957.0
-1570.0
-1446.0
-1242.0
-1616.0
-1130.0
-1068.0
-1073.0
-1975.0
-1083.0
-999.0
-1063.0
-1475.0
-972.0
-975.0
-1029.0
-1432.0
-1236.0
-956.0
-952.0
-1375.0
-1648.0
-1862.0
-1082.0
-1181.0
-1268.0
-1347.0
-1666.0
-1373.0
-1179.0
-2387.0
-1336.0
-2866.0
-1372.0
-1467.0
-1243.0
-993.0
-1009.0
-1082.0
-1476.0
-1080.0
-1133.0
-1075.0
-936.0
-1325.0
-1354.0
-990.0
-959.0
-1280.0
-1079.0
-956.0
-1354.0
-1375.0
-1319.0
-1695.0
-1137.0
-1064.0
-1123.0
-2198.0
-1068.0
-969.0
-1087.0
-1236.0
-1021.0
-967.0
-961.0
-1451.0
-1111.0
-943.0
-932.0
-1236.0
-2328.0
-1717.0
-1092.0
-1185.0
-1291.0
-1353.0
-1326.0
-1397.0
-1132.0
-2035.0
-1439.0
-1584.0
-1365.0
-1826.0
-1133.0
-933.0
-1076.0
-1103.0
-1399.0
-1123.0
-1062.0
-1012.0
-968.0
-1350.0
-1405.0
-957.0
-953.0
-1314.0
-1180.0
-945.0
-1214.0
-1414.0
-1333.0
-1563.0
-1157.0
-1043.0
-1041.0
-2194.0
-1015.0
-958.0
-1065.0
-1314.0
-964.0
-972.0
-940.0
-1507.0
-1183.0
-934.0
-960.0
-1346.0
-1689.0
-1744.0
-1084.0
-1095.0
-1496.0
-1902.0
-1281.0
-1361.0
-1125.0
-2492.0
-1437.0
-1514.0
-1243.0
-1362.0
-1454.0
-955.0
-975.0
-1215.0
-1580.0
-1119.0
-1051.0
-1050.0
-638.0
-1683.0
-1415.0
-980.0
-990.0
-1196.0
-1235.0
-943.0
-1374.0
-1419.0
-1213.0
-2067.0
-1222.0
-962.0
-1087.0
-2720.0
-1102.0
-982.0
-1148.0
-1382.0
-954.0
-927.0
-985.0
-1359.0
-1265.0
-931.0
-959.0
-1357.0
-1825.0
-1677.0
-1096.0
-1126.0
-1400.0
-1209.0
-1320.0
-1293.0
-1168.0
-1703.0
-1338.0
-1593.0
-1285.0
-1581.0
-1190.0
-941.0
-956.0
-1250.0
-1780.0
-1168.0
-1071.0
-1008.0
-929.0
-1512.0
-1367.0
-954.0
-952.0
-1261.0
-1267.0
-1009.0
-1308.0
-1987.0
-1258.0
-1571.0
-1190.0
-1030.0
-1076.0
-1818.0
-1124.0
-972.0
-1088.0
-1482.0
-959.0
-951.0
-964.0
-1277.0
-1298.0
-946.0
-947.0
-1277.0
-1828.0
-1678.0
-1089.0
-1173.0
-1316.0
-1409.0
-1493.0
-1418.0
-1159.0
-1824.0
-1373.0
-1542.0
-1351.0
-1463.0
-1258.0
-975.0
-962.0
-1262.0
-1447.0
-1082.0
-1129.0
-984.0
-389.0
-1501.0
-1289.0
-953.0
-1009.0
-1360.0
-1238.0
-963.0
-1253.0
-1457.0
-1441.0
-1675.0
-1264.0
-1515.0
-1053.0
-2148.0
-1119.0
-1033.0
-1064.0
-1408.0
-1015.0
-1045.0
-1135.0
-1550.0
-1211.0
-972.0
-930.0
-1375.0
-1841.0
-1853.0
-1082.0
-1245.0
-1407.0
-1192.0
-1419.0
-1411.0
-1094.0
-1919.0
-1348.0
-1704.0
-1636.0
-1519.0
-1096.0
-952.0
-1003.0
-1082.0
-1397.0
-1084.0
-1117.0
-997.0
-954.0
-2210.0
-1664.0
-943.0
-982.0
-1300.0
-1204.0
-1005.0
-1417.0
-1348.0
-2142.0
-2172.0
-1113.0
-1013.0
-1052.0
-2192.0
-1061.0
-968.0
-1082.0
-1349.0
-950.0
-1115.0
-949.0
-1378.0
-1199.0
-930.0
-943.0
-1282.0
-1496.0
-1599.0
-1059.0
-1186.0
-1598.0
-1316.0
-1244.0
-1464.0
-1020.0
-1775.0
-1393.0
-1684.0
-1292.0
-1470.0
-1242.0
-1048.0
-987.0
-1106.0
-1326.0
-1137.0
-1130.0
-1027.0
-954.0
-1638.0
-1505.0
-950.0
-944.0
-1324.0
-1274.0
-943.0
-1330.0
