-15942.0
-11621.0
-22165.0
-11775.0
-17388.0
-14840.0
-23784.0
-19432.0
-9433.0
-15396.0
-19834.0
-14127.0
-12651.0
-15387.0
-16105.0
-17802.0
-12668.0
-15484.0
-15843.0
-25485.0
-20222.0
-16080.0
-11386.0
-14600.0
-17106.0
-17875.0
-21333.0
-14732.0
-21025.0
-14040.0
-15124.0
-19644.0
-14245.0
-19333.0
-12594.0
-11584.0
-17811.0
-13560.0
-16105.0
-11343.0
-11672.0
-13715.0
-17776.0
-14227.0
-13547.0
-12838.0
-13047.0
-16091.0
-10792.0
-18046.0
-19153.0
-13116.0
-14552.0
-13247.0
-9495.0
-15631.0
-13874.0
-9276.0
-9415.0
-13767.0
-14034.0
-6737.0
-11403.0
-11455.0
-15618.0
-18821.0
-12912.0
-7291.0
-16955.0
-16199.0
-20563.0
-15434.0
-9984.0
-10161.0
-14859.0
-13080.0
-13965.0
-15238.0
-18938.0
-16008.0
-15152.0
-16543.0
-13643.0
-10980.0
-9982.0
-10657.0
-11824.0
-12473.0
-10848.0
-13629.0
-13968.0
-7340.0
-13044.0
-17155.0
-13472.0
-7588.0
-9393.0
-8562.0
-7427.0
-11044.0
-13035.0
-11870.0
-15636.0
-15094.0
-9831.0
-8537.0
-17900.0
-8770.0
-6458.0
-8830.0
-14919.0
-8484.0
-7499.0
-10377.0
-15844.0
-11864.0
-7103.0
-10142.0
-16254.0
-19138.0
-13635.0
-8148.0
-10523.0
-14390.0
-10120.0
-12709.0
-18981.0
-9766.0
-16790.0
-9762.0
-13420.0
-16411.0
-13451.0
-13637.0
-8177.0
-5982.0
-15580.0
-16216.0
-8904.0
-9075.0
-7209.0
-9423.0
-12905.0
-21061.0
-10898.0
-11725.0
-9944.0
-10409.0
-6061.0
-8783.0
-13624.0
-12837.0
-13839.0
-9689.0
-10469.0
-13496.0
-14329.0
-14875.0
-10317.0
-11414.0
-13263.0
-11624.0
-8895.0
-10009.0
-11133.0
-10592.0
-9360.0
-10951.0
-11966.0
-11174.0
-15061.0
-8851.0
-11692.0
-10663.0
-10556.0
-10498.0
-13516.0
-3652.0
-17905.0
-7616.0
-11738.0
-9870.0
-14929.0
-5952.0
-5124.0
-6195.0
-14800.0
-12098.0
-9769.0
-6857.0
-10994.0
-5968.0
-11134.0
-7786.0
-4078.0
-9327.0
-12618.0
-7586.0
-5593.0
-14222.0
-13585.0
-7466.0
-17643.0
-8173.0
-4653.0
-13708.0
-13834.0
-3618.0
-5995.0
-4351.0
-9799.0
-11999.0
-6977.0
-6274.0
-9328.0
-7897.0
-6294.0
-5175.0
-6212.0
-14184.0
-15567.0
-10382.0
-7953.0
-9378.0
-6860.0
-7294.0
-15493.0
-8818.0
-9943.0
-9956.0
-15695.0
-9966.0
-11594.0
-8076.0
-4835.0
-8237.0
-9128.0
-12485.0
-4505.0
-7173.0
-7361.0
-5915.0
-6630.0
-7021.0
-6710.0
-7589.0
-6441.0
-12393.0
-4040.0
-4895.0
-10590.0
-5583.0
-12646.0
-8974.0
-4636.0
-5294.0
-12963.0
-5205.0
-9074.0
-7201.0
-10485.0
-5620.0
-5154.0
-4735.0
-5928.0
-9081.0
-5621.0
-6201.0
-6840.0
-12208.0
-11100.0
-5662.0
-5810.0
-9445.0
-8356.0
-9150.0
-8381.0
-7728.0
-7134.0
-7493.0
-10027.0
-11762.0
-11214.0
-8232.0
-8618.0
-5702.0
-10519.0
-8609.0
-7523.0
-8609.0
-6319.0
-4958.0
-8804.0
-9649.0
-5009.0
-5412.0
-10092.0
-8708.0
-6309.0
-7697.0
-7264.0
-7854.0
-14481.0
-7021.0
-6556.0
-6219.0
-8731.0
-5252.0
-8057.0
-6278.0
-13396.0
-3268.0
-3790.0
-7155.0
-8927.0
-12708.0
-5167.0
-5037.0
-8673.0
-8610.0
-10887.0
-5361.0
-6074.0
-8653.0
-3565.0
-4727.0
-6877.0
-6198.0
-9942.0
-6746.0
-7885.0
-5191.0
-9538.0
-6992.0
-3378.0
-5006.0
-8155.0
-9557.0
-3721.0
-3534.0
-5644.0
-4307.0
-4702.0
-6827.0
-3864.0
-5614.0
-9683.0
-3603.0
-3870.0
-5883.0
-8186.0
-6892.0
-7998.0
-10099.0
-3964.0
-2507.0
-11557.0
-5579.0
-4813.0
-3415.0
-7371.0
-6155.0
-4808.0
-7421.0
-5319.0
-13886.0
-4961.0
-4432.0
-4490.0
-5981.0
-11492.0
-3142.0
-4271.0
-6024.0
-6608.0
-6525.0
-7592.0
-4321.0
-5484.0
-5588.0
-11754.0
-7198.0
-6454.0
-3828.0
-3471.0
-2896.0
-6875.0
-6492.0
-3784.0
-5043.0
-6796.0
-6049.0
-4405.0
-6220.0
-2807.0
-3510.0
-5453.0
-3827.0
-2943.0
-12221.0
-6278.0
-5661.0
-7270.0
-3426.0
-2903.0
-6009.0
-6267.0
-7988.0
-4500.0
-6138.0
-5483.0
-5059.0
-5577.0
-5872.0
-4714.0
-7526.0
-3186.0
-5998.0
-11261.0
-5330.0
-5778.0
-3112.0
-2800.0
-10378.0
-4359.0
-3820.0
-5755.0
-4694.0
-6353.0
-8092.0
-6110.0
-5533.0
-4558.0
-6191.0
-3221.0
-4116.0
-13136.0
-5318.0
-3921.0
-2906.0
-3405.0
-2459.0
-8660.0
-5569.0
-3440.0
-3422.0
-5608.0
-4233.0
-2945.0
-5183.0
-4831.0
-5047.0
-7917.0
-2960.0
-2564.0
-4512.0
-5601.0
-5396.0
-2505.0
-4985.0
-4198.0
-2294.0
-3121.0
-3736.0
-3904.0
-6272.0
-5582.0
-2777.0
-4335.0
-4983.0
-6927.0
-3572.0
-3786.0
-4970.0
-2331.0
-3333.0
-4656.0
-5701.0
-6082.0
-4384.0
-5804.0
-5685.0
-5434.0
-3533.0
-2881.0
-2210.0
-3124.0
-5059.0
-3743.0
-2656.0
-2754.0
-3277.0
-4291.0
-8013.0
-2226.0
-1954.0
-5656.0
-3549.0
-2545.0
-3414.0
-3457.0
-3179.0
-5946.0
-2355.0
-3662.0
-3057.0
-9224.0
-3055.0
-1861.0
-3150.0
-3256.0
-4469.0
-3201.0
-1639.0
-5310.0
-3523.0
-1602.0
-3503.0
-4225.0
-4924.0
-6690.0
-2622.0
-4062.0
-4443.0
-3795.0
-4095.0
-3283.0
-3451.0
-3952.0
-2660.0
-5308.0
-6346.0
-4846.0
-3278.0
-2249.0
-2015.0
-6058.0
-6637.0
-4849.0
-4469.0
-3459.0
-3640.0
-5811.0
-4937.0
-2350.0
-3281.0
-4861.0
-4890.0
-4164.0
-5973.0
-4743.0
-4266.0
-9412.0
-4613.0
-3188.0
-2775.0
-3309.0
-2201.0
-2029.0
-4197.0
-4321.0
-2839.0
-2608.0
-3360.0
-4681.0
-7550.0
-2796.0
-2370.0
-5522.0
-6895.0
-4200.0
-3754.0
-4362.0
-3804.0
-3505.0
-7665.0
-3890.0
-2623.0
-8050.0
-2992.0
-5909.0
-4202.0
-5781.0
-4403.0
-2879.0
-2451.0
-4557.0
-3657.0
-4334.0
-2096.0
-3951.0
-2651.0
-2951.0
-6186.0
-4240.0
-2148.0
-4992.0
-3006.0
-2229.0
-3981.0
-2743.0
-5244.0
-6253.0
-2617.0
-2826.0
-2316.0
-2943.0
-3436.0
-4717.0
-1768.0
-3111.0
-2224.0
-1682.0
-2370.0
-3794.0
-3430.0
-1868.0
-1945.0
-2260.0
-3866.0
-3756.0
-3827.0
-2795.0
-3803.0
-2393.0
-3049.0
-4116.0
-2350.0
-3850.0
-2642.0
-3259.0
-4235.0
-6192.0
-1971.0
-1477.0
-2688.0
-2449.0
-4185.0
-1785.0
-2627.0
-2289.0
-3130.0
-2505.0
-2906.0
-1304.0
-3030.0
-4588.0
-3177.0
-2461.0
-5510.0
-2972.0
-4031.0
-7374.0
-1904.0
-2147.0
-1568.0
-3552.0
-2515.0
-5770.0
-3096.0
-2484.0
-2597.0
-2308.0
-2836.0
-3154.0
-4673.0
-1653.0
-1795.0
-3340.0
-2880.0
-3373.0
-2225.0
-1708.0
-2318.0
-2348.0
-3120.0
-1858.0
-3469.0
-4127.0
-4263.0
-4902.0
-5210.0
-2917.0
-1530.0
-1659.0
-1282.0
-3769.0
-2843.0
-2110.0
-2432.0
-1679.0
-2053.0
-2161.0
-3333.0
-1715.0
-2935.0
-4215.0
-3283.0
-1709.0
-5544.0
-2762.0
-4010.0
-5768.0
-2892.0
-2648.0
-1777.0
-4545.0
-2919.0
-3318.0
-1760.0
-1981.0
-1736.0
-1941.0
-2207.0
-2654.0
-2954.0
-2643.0
-2063.0
-2374.0
-2848.0
-4088.0
-1913.0
-2149.0
-2729.0
-3464.0
-2530.0
-1937.0
-4159.0
-4976.0
-1622.0
-5661.0
-5729.0
-3185.0
-2316.0
-1457.0
-1576.0
-3660.0
-2529.0
-1707.0
-1589.0
-1429.0
-2201.0
-1794.0
-3369.0
-2069.0
-2955.0
-3332.0
-3526.0
-1330.0
-1711.0
-2197.0
-3662.0
-3288.0
-3003.0
-1359.0
-1565.0
-3738.0
-1353.0
-1284.0
-2113.0
-2687.0
-1655.0
-1348.0
-3075.0
-2554.0
-3960.0
-1419.0
-1526.0
-3296.0
-2400.0
-4722.0
-1556.0
-2426.0
-2310.0
-2039.0
-4523.0
-1842.0
-1854.0
-2524.0
-2151.0
-3482.0
-3347.0
-2296.0
-1998.0
-1398.0
-1389.0
-1883.0
-2422.0
-1435.0
-1626.0
-1550.0
-2042.0
-2604.0
-4049.0
-1466.0
-2193.0
-3158.0
-2233.0
-1898.0
-3107.0
-2159.0
-2366.0
-6067.0
-2087.0
-1330.0
-3230.0
-2307.0
-2582.0
-1395.0
-2121.0
-2931.0
-1319.0
-1227.0
-2299.0
-2154.0
-3375.0
-1310.0
-1790.0
-2635.0
-3258.0
-3307.0
-2025.0
-1883.0
-2727.0
-2016.0
-1757.0
-2085.0
-2605.0
-2657.0
-2828.0
-2843.0
-3108.0
-2475.0
-2165.0
-1696.0
-1497.0
-2601.0
-2885.0
-2301.0
-2172.0
-1638.0
-1422.0
-2353.0
-2734.0
-1347.0
-1792.0
-3680.0
-4839.0
-1191.0
-2948.0
-3185.0
-1850.0
-4127.0
-1891.0
-2109.0
-2384.0
-3760.0
-1830.0
-1359.0
-1826.0
-2809.0
-1544.0
-2669.0
-2461.0
-3704.0
-5263.0
-2272.0
-2514.0
-4000.0
-2256.0
-2581.0
-3167.0
-2133.0
-3480.0
-1404.0
-1898.0
-2500.0
-2557.0
-2102.0
-2853.0
-2648.0
-1967.0
-2672.0
-1493.0
-1085.0
-1474.0
-2646.0
-2010.0
-1221.0
-2043.0
-1136.0
-1144.0
-1547.0
-2939.0
-1525.0
-1389.0
-1643.0
-2916.0
-1169.0
-1587.0
-2286.0
-1454.0
-2485.0
-1780.0
-1833.0
-1715.0
-3305.0
-1772.0
-1071.0
-2324.0
-2797.0
-1227.0
-1163.0
-1395.0
-1636.0
-3545.0
-1263.0
-2098.0
-1816.0
-2105.0
-2608.0
-1398.0
-1930.0
-1494.0
-2310.0
-1523.0
-1854.0
-1200.0
-3223.0
-1796.0
-2702.0
-4546.0
-2640.0
-1395.0
-1099.0
-1476.0
-2745.0
-3085.0
-1360.0
-2187.0
-1544.0
-1237.0
-1800.0
-2922.0
-1123.0
-1714.0
-2289.0
-2593.0
-1201.0
-2719.0
-2132.0
-2665.0
-3138.0
-1523.0
-1234.0
-1264.0
-2132.0
-2016.0
-1396.0
-1711.0
-2916.0
-1586.0
-1178.0
-1299.0
-1624.0
-3768.0
-1504.0
-1472.0
-2023.0
-3556.0
-3428.0
-1892.0
-1809.0
-1967.0
-1734.0
-2280.0
-2183.0
-1658.0
-3390.0
-2145.0
-2534.0
-1910.0
-2386.0
-1425.0
-1318.0
-1383.0
-2264.0
-2644.0
-1558.0
-1340.0
-2173.0
-1212.0
-1849.0
-2569.0
-1634.0
-1698.0
-1505.0
-1672.0
-1122.0
-2017.0
-2080.0
-1420.0
-2785.0
-1247.0
-1420.0
-1506.0
-2236.0
-1672.0
-1245.0
-1201.0
-1907.0
-1199.0
-1191.0
-1175.0
-1990.0
-2967.0
-1473.0
-1092.0
-1942.0
-2232.0
-2912.0
-1266.0
-1576.0
-1836.0
-1429.0
-1419.0
-2300.0
-1241.0
-1605.0
-2299.0
-3157.0
-2015.0
-1631.0
-1462.0
-1571.0
-1324.0
-1996.0
-1432.0
-1809.0
-1225.0
-1107.0
-1117.0
-2615.0
-1866.0
-1256.0
-1457.0
-1616.0
-1694.0
-1083.0
-1450.0
-1973.0
-1572.0
-2123.0
-1494.0
-1111.0
-1334.0
-1881.0
-1442.0
-1114.0
-1308.0
-2364.0
-1202.0
-1151.0
-1412.0
-1712.0
-3200.0
-1086.0
-1131.0
-1521.0
-3125.0
-2056.0
-1313.0
-1559.0
-1813.0
-1585.0
-1781.0
-1683.0
-1217.0
-1966.0
-1730.0
-2041.0
-2560.0
-2690.0
-1313.0
-1161.0
-1071.0
-1867.0
-1328.0
-1579.0
-1178.0
-1229.0
-1046.0
-1820.0
-1602.0
-1089.0
-1090.0
-2083.0
-1480.0
-1129.0
-1395.0
-1595.0
-1435.0
-2149.0
-1153.0
-1494.0
-1246.0
-2385.0
-2732.0
-1151.0
-1337.0
-2178.0
-1236.0
-1090.0
-1097.0
-1607.0
-1804.0
-1323.0
-1020.0
-1461.0
-2495.0
-2189.0
-1728.0
-1511.0
-2423.0
-1191.0
-2239.0
-1872.0
-1923.0
-2317.0
-1624.0
-2463.0
-1636.0
-1604.0
-1619.0
-1034.0
-1140.0
-3077.0
-1432.0
-1303.0
-1121.0
-1102.0
-1273.0
-1461.0
-1888.0
-1112.0
-1007.0
-1636.0
-2428.0
-1109.0
-1297.0
-2296.0
-1582.0
-3072.0
-1457.0
-1309.0
-1171.0
-2863.0
-1421.0
-1228.0
-1249.0
-1934.0
-1325.0
-1069.0
-1197.0
-1367.0
-2413.0
-1038.0
-1075.0
-1361.0
-2243.0
-1734.0
-1113.0
-1257.0
-1738.0
-1223.0
-1578.0
-1544.0
-1336.0
-1589.0
-1610.0
-2334.0
-1741.0
-1788.0
-1184.0
-1162.0
-1163.0
-2351.0
-1603.0
-1201.0
-1117.0
-1204.0
-1134.0
-1524.0
-1907.0
-1254.0
-1399.0
-1605.0
-1622.0
-1171.0
-1328.0
-1613.0
-1742.0
-2212.0
-1402.0
-1435.0
-1309.0
-2643.0
-1295.0
-2942.0
-1181.0
-3739.0
-1101.0
-1839.0
-1735.0
-1624.0
-2340.0
-1096.0
-1066.0
-2245.0
-2502.0
-1935.0
-1253.0
-2007.0
-1997.0
-1772.0
-1375.0
-2110.0
-1182.0
-1874.0
-2544.0
-2211.0
-1796.0
-1834.0
-1381.0
-1429.0
-1245.0
-1826.0
-1477.0
-1517.0
-1291.0
-1165.0
-1017.0
-1654.0
-1997.0
-1084.0
-1153.0
-1773.0
-3100.0
-1046.0
-1385.0
-2117.0
-1482.0
-1895.0
-1132.0
-1298.0
-1229.0
-3078.0
-1958.0
-2224.0
-1565.0
-1826.0
-1071.0
-1184.0
-1411.0
-1524.0
-2754.0
-1025.0
-1181.0
-3442.0
-2217.0
-1886.0
-1326.0
-1363.0
-1805.0
-1643.0
-1674.0
-2022.0
-1610.0
-2279.0
-2194.0
-2771.0
-1408.0
-2193.0
-1441.0
-998.0
-1263.0
-1603.0
-1409.0
-1308.0
-1567.0
-1362.0
-1334.0
-2382.0
-1652.0
-1077.0
-1188.0
-1832.0
-1964.0
-2234.0
-1483.0
-1706.0
-1210.0
-2600.0
-1187.0
-1035.0
-1282.0
-3029.0
-1292.0
-1810.0
-1197.0
-2227.0
-1744.0
-1857.0
-2535.0
-2839.0
-3620.0
-1050.0
-2046.0
-4083.0
-1614.0
-1880.0
-1256.0
-2271.0
-2371.0
-1644.0
-2268.0
-1935.0
-1779.0
-2018.0
-1623.0
-2280.0
-1493.0
-2162.0
-1158.0
-1030.0
-1174.0
-1435.0
-1444.0
-1088.0
-1348.0
-1081.0
-992.0
-1618.0
-1326.0
-1647.0
-1079.0
-1498.0
-1371.0
-1048.0
-1463.0
-1585.0
-1457.0
-1959.0
-1267.0
-1129.0
-1255.0
-2348.0
-1240.0
-1097.0
-1148.0
-2006.0
-997.0
-1305.0
-1068.0
-1521.0
-2569.0
-1058.0
-1181.0
-1561.0
-1907.0
-2308.0
-1718.0
-1856.0
-2119.0
-1552.0
-1819.0
-2139.0
-1677.0
-2083.0
-2017.0
-2193.0
-2578.0
-2433.0
-1894.0
-550.0
-1048.0
-1971.0
-1648.0
-1804.0
-1632.0
-1061.0
-553.0
-1917.0
-2342.0
-2071.0
-1446.0
-2097.0
-2316.0
-1176.0
-1913.0
-1792.0
-2162.0
-2556.0
-1552.0
-1455.0
-2003.0
-2405.0
-1523.0
-1567.0
-1275.0
-2383.0
-1140.0
-1305.0
-1197.0
-1530.0
-1886.0
-1286.0
-1853.0
-1632.0
-1633.0
-3358.0
-1064.0
-2057.0
-1714.0
-2051.0
-1757.0
-2224.0
-1272.0
-2578.0
-1912.0
-2267.0
-1671.0
-1558.0
-1254.0
-688.0
-1112.0
-1333.0
-3601.0
-1482.0
-2025.0
-1102.0
-1623.0
-1861.0
-1918.0
-1277.0
-899.0
-1744.0
-1390.0
-1013.0
-4605.0
-3199.0
-1637.0
-2134.0
-1289.0
-1087.0
-2099.0
-3035.0
-1275.0
-1112.0
-1247.0
-1863.0
-1725.0
-780.0
-859.0
-2007.0
-3252.0
-1131.0
-2199.0
-2418.0
-2187.0
-2159.0
-828.0
-1917.0
-2744.0
-1527.0
-1975.0
-2533.0
-1437.0
-2361.0
-1835.0
-1858.0
-1890.0
-2142.0
-2876.0
-794.0
-1150.0
-1536.0
-1945.0
-1213.0
-1494.0
-2671.0
-1171.0
-2429.0
-2097.0
-1697.0
-664.0
-2028.0
-1535.0
-981.0
-1690.0
-5087.0
-2305.0
-2164.0
-1278.0
-1276.0
-1235.0
-2369.0
-1320.0
-1143.0
-1764.0
-1523.0
-1079.0
-2290.0
-1393.0
-2002.0
-2427.0
-1814.0
-1086.0
-1603.0
-2124.0
-1812.0
-1254.0
-1201.0
-1512.0
-1315.0
-2002.0
-2213.0
-1477.0
-2212.0
-1617.0
-1865.0
-1696.0
-1720.0
-1276.0
-1158.0
-1148.0
-1492.0
-1709.0
-1405.0
-1129.0
-1191.0
-1048.0
-2578.0
-1482.0
-1032.0
-1082.0
-1268.0
-1348.0
-1100.0
-1289.0
-1993.0
-1455.0
-2031.0
-1350.0
-1083.0
-1565.0
-3266.0
-1142.0
-1078.0
-1121.0
-1643.0
-1074.0
-1032.0
-1255.0
-1440.0
-1527.0
-1050.0
-1367.0
-1339.0
-1796.0
-2194.0
-1053.0
-1350.0
-1596.0
-1292.0
-1709.0
-2169.0
-1225.0
-2190.0
-1431.0
-2074.0
-1428.0
-1493.0
-1143.0
-1211.0
-1751.0
-1261.0
-1416.0
-1297.0
-1155.0
-1117.0
-1354.0
-2001.0
-2546.0
-868.0
-2312.0
-2599.0
-1722.0
-1251.0
-1547.0
-2172.0
-2740.0
-2355.0
-1414.0
-799.0
-1171.0
-2370.0
-1226.0
-911.0
-1200.0
-1571.0
-1346.0
-1904.0
-1363.0
-1551.0
-1927.0
-856.0
-1050.0
-1692.0
-1810.0
-2329.0
-1202.0
-1138.0
-4738.0
-1293.0
-1926.0
-1549.0
-1339.0
-1812.0
-1702.0
-1989.0
-1446.0
-1148.0
-1739.0
-1050.0
-1156.0
-1887.0
-1421.0
-1130.0
-1095.0
-1234.0
-658.0
-1432.0
-1951.0
-1013.0
-2236.0
-1452.0
-1305.0
-1897.0
-2404.0
-1773.0
-1235.0
-1940.0
-1468.0
-1245.0
-1166.0
-3209.0
-1207.0
-927.0
-1496.0
-2242.0
-1923.0
-1694.0
-1037.0
-2256.0
-1722.0
-1622.0
-1006.0
-2297.0
-1987.0
-2445.0
-1300.0
-2486.0
-2221.0
-1153.0
-1786.0
-1831.0
-1158.0
-1879.0
-3716.0
-1697.0
-1459.0
-1880.0
-1335.0
-1702.0
-1147.0
-1437.0
-1447.0
-1285.0
-1291.0
-1610.0
-1562.0
-1623.0
-1767.0
-1032.0
-1741.0
-1655.0
-1328.0
-1042.0
-1531.0
-1595.0
-2130.0
-2028.0
-1280.0
-1286.0
-1166.0
-2257.0
-1165.0
-1102.0
-1274.0
-1429.0
-1026.0
-1224.0
-1039.0
-1672.0
-2393.0
-1264.0
-1045.0
-1549.0
-1750.0
-2348.0
-1229.0
-1268.0
-1828.0
-1386.0
-1462.0
-1397.0
-1855.0
-1715.0
-1410.0
-2056.0
-1690.0
-1414.0
-1375.0
-1139.0
-1264.0
-1478.0
-1713.0
-1142.0
-1117.0
-1357.0
-991.0
-1270.0
-1393.0
-1017.0
-1001.0
-1264.0
-1288.0
-1064.0
-1430.0
-1257.0
-1872.0
-1698.0
-1197.0
-1053.0
-1108.0
-2132.0
-1128.0
-1062.0
-1110.0
-1984.0
-1095.0
-1005.0
-666.0
-1466.0
-1576.0
-971.0
-1031.0
-1438.0
-1875.0
-1999.0
-1145.0
-1315.0
-1415.0
-1672.0
-2055.0
-1717.0
-1225.0
-2313.0
-1353.0
-2086.0
-1397.0
-1421.0
-1243.0
-1029.0
-980.0
-1420.0
-1403.0
-1112.0
-1359.0
-1011.0
-986.0
-1505.0
-1383.0
-1037.0
-1038.0
-1376.0
-1626.0
-1012.0
-1460.0
-1650.0
-1244.0
-1668.0
-1336.0
-1095.0
-1582.0
-1909.0
-1127.0
-1049.0
-1122.0
-1770.0
-977.0
-1064.0
-1052.0
-1332.0
-1696.0
-1686.0
-1110.0
-1227.0
-2274.0
-1773.0
-1603.0
-1262.0
-1459.0
-1842.0
-1825.0
-1374.0
-2810.0
-1646.0
-2859.0
-2042.0
-3260.0
-2286.0
-2721.0
-694.0
-1040.0
-1519.0
-1334.0
-1114.0
-1138.0
-1255.0
-1063.0
-1764.0
-1473.0
-1112.0
-1041.0
-1097.0
-1293.0
-1018.0
-3033.0
-1730.0
-1179.0
-3086.0
-1027.0
-1003.0
-1144.0
-2087.0
-1381.0
-1051.0
-1128.0
-1538.0
-1248.0
-1020.0
-763.0
-1242.0
-2040.0
-1010.0
-1278.0
-1308.0
-1826.0
-1824.0
-1079.0
-1216.0
-1527.0
-1256.0
-1572.0
-1739.0
-1345.0
-1780.0
-1404.0
-1998.0
-1775.0
-1443.0
-1181.0
-1014.0
-1084.0
-1450.0
-1402.0
-1602.0
-1045.0
-1098.0
-1017.0
-1327.0
-1503.0
-995.0
-668.0
-2131.0
-1281.0
-998.0
-1271.0
-1386.0
-1270.0
-1842.0
-1395.0
-1041.0
-1094.0
-2276.0
-1432.0
-1305.0
-1093.0
-2228.0
-1087.0
-1009.0
-1142.0
-1519.0
-1941.0
-977.0
-1094.0
-1519.0
-1685.0
-3046.0
-1193.0
-1354.0
-1285.0
-1543.0
-1452.0
-1264.0
-1223.0
-2045.0
-2732.0
-1717.0
-3379.0
-1448.0
-1774.0
-509.0
-742.0
-3337.0
-2657.0
-1199.0
-1072.0
-1049.0
-539.0
-1540.0
-2229.0
-1352.0
-1053.0
-1998.0
-1331.0
-755.0
-1492.0
-1397.0
-1323.0
-1808.0
-1271.0
-1084.0
-1091.0
-1636.0
-1163.0
-1074.0
-1101.0
-1504.0
-1007.0
-1020.0
-1175.0
-1374.0
-1407.0
-1016.0
-551.0
-1329.0
-2021.0
-2303.0
-1065.0
-1189.0
-1277.0
-1590.0
-1223.0
-1527.0
-1241.0
-1852.0
-1503.0
-2187.0
-1497.0
-1626.0
-1201.0
-1008.0
-641.0
-1296.0
-1421.0
-1147.0
-984.0
-1053.0
-640.0
-1486.0
-2443.0
-1192.0
-998.0
-1291.0
-1476.0
-1048.0
-1515.0
-1505.0
-2319.0
-2129.0
-1606.0
-1034.0
-1052.0
-1846.0
-1156.0
-543.0
-1174.0
-1379.0
-1049.0
-1006.0
-1202.0
-1420.0
-2198.0
-1447.0
-990.0
-1508.0
-2048.0
-2078.0
-2477.0
-1554.0
-1649.0
-1390.0
-1862.0
-1601.0
-1217.0
-2032.0
-1896.0
-2112.0
-2085.0
-1398.0
-1496.0
-991.0
-1403.0
-1375.0
-1329.0
-1227.0
-1010.0
-1192.0
-839.0
-1361.0
-1308.0
-1052.0
-1003.0
-1266.0
-1952.0
-1001.0
-1446.0
-1870.0
-1512.0
-1709.0
-1904.0
-773.0
-1002.0
-2123.0
-1051.0
-1043.0
-1266.0
-1641.0
-1078.0
-961.0
-1090.0
-1338.0
-1396.0
-968.0
-998.0
-1220.0
-1942.0
-1743.0
-1120.0
-1290.0
-1561.0
-1184.0
-1347.0
-1403.0
-1215.0
-1669.0
-1300.0
-1665.0
-1834.0
-1529.0
-1123.0
-1074.0
-1183.0
-1265.0
-1459.0
-1236.0
-1091.0
-1013.0
-705.0
-1506.0
-2008.0
-980.0
-712.0
-1256.0
-1444.0
-1332.0
-1339.0
-1552.0
-1182.0
-1678.0
-1062.0
-1079.0
-1074.0
-2190.0
-1112.0
-1116.0
-1075.0
-1348.0
-1022.0
-857.0
-1091.0
-1244.0
-1483.0
-1162.0
-1403.0
-1380.0
-1745.0
-1586.0
-1189.0
-1314.0
-1630.0
-1359.0
-1788.0
-1484.0
-1063.0
-1889.0
-1378.0
-1625.0
-1358.0
-1454.0
-1127.0
-901.0
-1325.0
-1428.0
-2370.0
-1079.0
-1186.0
-1193.0
-586.0
-1367.0
-1405.0
-1041.0
-1030.0
-1299.0
-1361.0
-1076.0
-1200.0
-1436.0
-1134.0
-2346.0
-1169.0
-1042.0
-1062.0
-1876.0
-1195.0
-1031.0
-1039.0
-1376.0
-1438.0
-1028.0
-1019.0
-1369.0
-1652.0
-1033.0
-527.0
-1243.0
-1480.0
-1547.0
-1093.0
-1234.0
-1266.0
-1415.0
-1430.0
-1728.0
-1082.0
-2343.0
-1592.0
-1770.0
-1501.0
-1655.0
-1943.0
-993.0
-988.0
-1283.0
-1328.0
-1365.0
-837.0
-1086.0
-425.0
-1409.0
-1327.0
-1010.0
-1014.0
-1503.0
-1302.0
-1510.0
-1464.0
-1762.0
-1175.0
-1771.0
-2453.0
-596.0
-1181.0
-2573.0
-1040.0
-1012.0
-1103.0
-1708.0
-1169.0
-1016.0
-1048.0
-1366.0
-2076.0
-951.0
-1796.0
-1264.0
-1693.0
-2061.0
-1200.0
-1136.0
-1446.0
-1249.0
-1398.0
-1725.0
-1269.0
-2746.0
-1416.0
-1567.0
-1481.0
-1651.0
-1083.0
-486.0
-996.0
-1648.0
-1237.0
-1089.0
-1107.0
-1030.0
-997.0
-1415.0
-1633.0
-978.0
-1013.0
-1285.0
-1246.0
-1193.0
-1270.0
-1614.0
-1389.0
-1847.0
-1330.0
-870.0
-1142.0
-2087.0
-1222.0
-1060.0
-1046.0
-1766.0
-1033.0
-939.0
-1001.0
-1621.0
-1644.0
-488.0
-986.0
-1316.0
-1792.0
-1662.0
-1133.0
-1357.0
-1516.0
-1299.0
-1446.0
-1320.0
-2435.0
-1894.0
-3366.0
-1898.0
-2709.0
-1803.0
-1328.0
-972.0
-1086.0
-2064.0
-1386.0
-1053.0
-1072.0
-1026.0
-1033.0
-1537.0
-1327.0
-1040.0
-1404.0
-1240.0
-1234.0
-786.0
-1522.0
-1497.0
-1209.0
-1898.0
-1106.0
-1367.0
-1153.0
-2193.0
-1249.0
-1351.0
-1117.0
-1395.0
-1047.0
-981.0
-1120.0
-1441.0
-1620.0
-1093.0
-1024.0
-1476.0
-2079.0
-1842.0
-1072.0
-1576.0
-1962.0
-1280.0
-1631.0
-1260.0
-1216.0
-2175.0
-1449.0
-1841.0
-1605.0
-1500.0
-1158.0
-980.0
-1021.0
-1248.0
-1501.0
-1231.0
-1048.0
-1078.0
-563.0
-2400.0
-1617.0
-1460.0
-994.0
-1302.0
-1184.0
-1033.0
-1288.0
-1320.0
-1316.0
-1838.0
-1113.0
-1042.0
-1073.0
-1943.0
-1106.0
-995.0
-1088.0
-1481.0
-1019.0
-1021.0
-1152.0
-1305.0
-1402.0
-960.0
-962.0
-1169.0
-1988.0
-1535.0
-1032.0
-1054.0
-1542.0
-1268.0
-1196.0
-1308.0
-1134.0
-2078.0
-1221.0
-1577.0
-1310.0
-1262.0
-1072.0
-515.0
-711.0
-1373.0
-1346.0
-2391.0
-1052.0
-1035.0
-448.0
-1469.0
-1482.0
-961.0
-1005.0
-1363.0
-2625.0
-963.0
-865.0
-1567.0
-1264.0
-2976.0
-1103.0
-2022.0
-1107.0
-2341.0
-2979.0
-569.0
-1077.0
-2882.0
-1039.0
-643.0
-1256.0
-1386.0
-1637.0
-1002.0
-998.0
-1187.0
-1954.0
-1801.0
-1097.0
-1213.0
-1530.0
-1172.0
-1319.0
-1312.0
-1149.0
-1663.0
-1516.0
-4795.0
-1367.0
-1672.0
-1329.0
-1019.0
-1194.0
-1410.0
-1368.0
-1132.0
-1170.0
-1053.0
-1018.0
-1436.0
-1624.0
-988.0
-1031.0
-1336.0
-1427.0
-803.0
-1304.0
-1629.0
-1191.0
-1653.0
-1179.0
-1089.0
-1152.0
-1963.0
-1215.0
-1710.0
-1079.0
-1703.0
-1001.0
-1019.0
-1043.0
-1232.0
-1579.0
-908.0
-1001.0
-1404.0
-1782.0
-1649.0
-1157.0
-1257.0
-1333.0
-1384.0
-1528.0
-1233.0
-1199.0
-1690.0
-1615.0
-2037.0
-1542.0
-1642.0
-1433.0
-971.0
-1019.0
-1366.0
-1451.0
-1221.0
-1132.0
-1041.0
-994.0
-1580.0
-2606.0
-999.0
-1048.0
-1290.0
-1288.0
-1042.0
-1319.0
-1307.0
-1214.0
-1770.0
-1020.0
-1020.0
-1258.0
-1990.0
-1147.0
-988.0
-1059.0
-1580.0
-965.0
-1079.0
-1007.0
-1123.0
-1506.0
-995.0
-959.0
-1289.0
-1892.0
-2077.0
-1086.0
-1185.0
-1599.0
-1178.0
-1387.0
-1335.0
-1431.0
-1613.0
-1296.0
-1800.0
-1634.0
-1321.0
-1155.0
-546.0
-1100.0
-1395.0
-1345.0
-1108.0
-1071.0
-1132.0
-976.0
-1360.0
-1306.0
-555.0
-1045.0
-1163.0
-1278.0
-1019.0
-1468.0
-1354.0
-1150.0
-2012.0
-1107.0
-1006.0
-1097.0
-1982.0
-1072.0
-1049.0
-1115.0
-1579.0
-1027.0
-971.0
-1036.0
-1269.0
-2008.0
-1012.0
-985.0
-1288.0
-1687.0
-2104.0
-1059.0
-1260.0
-1743.0
-1341.0
-1618.0
-1307.0
-1337.0
-1725.0
-1256.0
-1599.0
-1479.0
-1489.0
-1157.0
-958.0
-1064.0
-1480.0
-1566.0
-1118.0
-860.0
-1014.0
-976.0
-1531.0
-1544.0
-992.0
-987.0
-1349.0
-1283.0
-972.0
-1284.0
-1502.0
-1175.0
-1669.0
-1198.0
-1092.0
-1050.0
-1992.0
-1045.0
-1114.0
-1101.0
-1479.0
-1078.0
-1035.0
-965.0
-1259.0
-1571.0
-502.0
-987.0
-1196.0
-1684.0
-1776.0
-730.0
-1145.0
-1493.0
-2497.0
-1386.0
-1839.0
-3427.0
-1839.0
-1549.0
-1892.0
-1246.0
-1380.0
-1062.0
-817.0
-1016.0
-1471.0
-1308.0
-1178.0
-1109.0
-1090.0
-483.0
-1400.0
-1515.0
-1014.0
-1176.0
-1285.0
-1250.0
-997.0
-1239.0
-1486.0
-1238.0
-2000.0
-1196.0
-1004.0
-1042.0
-1765.0
-1127.0
-1073.0
-1080.0
-1775.0
-1086.0
-992.0
-1418.0
-1301.0
-1559.0
-526.0
-1047.0
-1190.0
-1828.0
-2101.0
-1024.0
-1430.0
-1517.0
-1296.0
-1333.0
-1542.0
-1235.0
-2334.0
-1419.0
-1786.0
-1384.0
-1320.0
-1119.0
-993.0
-1013.0
-1949.0
-1293.0
-1193.0
-1122.0
-1041.0
-796.0
-1487.0
-1389.0
-1008.0
-984.0
-1167.0
-1178.0
-1001.0
-1373.0
-1808.0
-1347.0
-2354.0
-1177.0
-587.0
-983.0
-1818.0
-1119.0
-1016.0
-1294.0
-1398.0
-1184.0
-695.0
-1128.0
-1319.0
-1973.0
-973.0
-1187.0
-1334.0
-1463.0
-1615.0
-1034.0
-1134.0
-1379.0
-1218.0
-1580.0
-1317.0
-1149.0
-2087.0
-1266.0
-1700.0
-1397.0
-1313.0
-1054.0
-986.0
-972.0
-1237.0
-1338.0
-1127.0
-1063.0
-1055.0
-531.0
-1453.0
-1500.0
-994.0
-995.0
-1244.0
-1207.0
-751.0
-1290.0
-1297.0
-1340.0
-2054.0
-1208.0
-1005.0
-1072.0
-2029.0
-1108.0
-1022.0
-1045.0
-1293.0
-1054.0
-1002.0
-1229.0
-1342.0
-1550.0
-991.0
-991.0
-1498.0
-1536.0
-1899.0
-1191.0
-1179.0
-1689.0
-1744.0
-1402.0
-1394.0
-1213.0
-2205.0
-1226.0
-2026.0
-1386.0
-1520.0
-1151.0
-1035.0
-748.0
-1227.0
-1296.0
-1116.0
-1098.0
-1053.0
-735.0
-1383.0
-1131.0
-990.0
-1033.0
-1219.0
-1262.0
-506.0
-1293.0
-1459.0
-1183.0
-1754.0
-1037.0
-963.0
-1419.0
-1843.0
-1121.0
-1099.0
-1028.0
-1923.0
-1011.0
-1009.0
-1023.0
-1112.0
-1367.0
-914.0
-992.0
-1206.0
-1801.0
-1639.0
-953.0
-1250.0
-1247.0
-1230.0
-1310.0
-1355.0
-1766.0
-2364.0
-1477.0
-2211.0
-1574.0
-1823.0
-1990.0
-668.0
-1072.0
-1755.0
-1233.0
-1441.0
-1217.0
-1019.0
-468.0
-1929.0
-1658.0
-706.0
-993.0
-1494.0
-1409.0
-1000.0
-1581.0
-1389.0
-1109.0
-1703.0
-1121.0
-999.0
-1073.0
-2141.0
-1154.0
-1112.0
-1083.0
-1698.0
-1124.0
-1023.0
-1044.0
-1350.0
-1354.0
-964.0
-358.0
-1339.0
-1659.0
-1636.0
-1143.0
-1126.0
-1279.0
-1231.0
-1317.0
-1504.0
-1122.0
-1497.0
-1250.0
-1489.0
-1458.0
-1325.0
-1204.0
-1000.0
-1050.0
-1322.0
-1379.0
-1071.0
-1129.0
-1064.0
-445.0
-1288.0
-1251.0
-963.0
-557.0
-1113.0
-1053.0
-1034.0
-1520.0
-1763.0
-1405.0
-1724.0
-1183.0
-1018.0
-1020.0
-1856.0
-1124.0
-673.0
-1082.0
-1456.0
-1102.0
-1067.0
-779.0
-1281.0
-1423.0
-955.0
-987.0
-1256.0
-1676.0
-1653.0
-1055.0
-1110.0
-1545.0
-1344.0
-1585.0
-1512.0
-1121.0
-1913.0
-1375.0
-1820.0
-1226.0
-1406.0
-1195.0
-528.0
-1020.0
-1166.0
-1214.0
-1102.0
-1138.0
-1020.0
-447.0
-1818.0
-1359.0
-985.0
-967.0
-1271.0
-1258.0
-1183.0
-1271.0
-1435.0
-1177.0
-1818.0
-1111.0
-983.0
-1176.0
-2384.0
-1556.0
-1028.0
-1051.0
-2055.0
-989.0
-1019.0
-996.0
-1309.0
-1296.0
-961.0
-456.0
-1213.0
-1767.0
-1728.0
-1053.0
-621.0
-1595.0
-1331.0
-1513.0
-1379.0
-1164.0
-1815.0
-1659.0
-1709.0
-1564.0
-1639.0
-1955.0
-1010.0
-1046.0
-1225.0
-1607.0
-1044.0
-1046.0
-1024.0
-808.0
-1468.0
-1314.0
-999.0
-982.0
-1363.0
-1033.0
-964.0
-1178.0
-1389.0
-1245.0
-1599.0
-1270.0
-1020.0
-844.0
-2036.0
-1174.0
-842.0
-1004.0
-1383.0
-988.0
-982.0
-671.0
-1551.0
-1292.0
-987.0
-824.0
-1273.0
-1641.0
-1830.0
-1041.0
-1154.0
-1358.0
-1166.0
-1403.0
-1350.0
-812.0
-1985.0
-1279.0
-1870.0
-1180.0
-1330.0
-1138.0
-951.0
-1043.0
-1487.0
-1251.0
-1035.0
-3624.0
-1038.0
-1575.0
-1498.0
-1590.0
-958.0
-1034.0
-2243.0
-1237.0
-710.0
-1222.0
-1509.0
-1285.0
-1764.0
-1022.0
-1028.0
-1037.0
-1817.0
-1135.0
-975.0
-1068.0
-1397.0
-972.0
-1030.0
-966.0
-1491.0
-1434.0
-1003.0
-948.0
-1223.0
-1808.0
-1622.0
-1104.0
-1058.0
-1357.0
-1194.0
-1636.0
-1371.0
-1081.0
-1643.0
-1217.0
-1798.0
-1248.0
-1351.0
-1056.0
-964.0
-1174.0
-1234.0
-1290.0
-1141.0
-1122.0
-1001.0
-621.0
-1477.0
-1477.0
-969.0
-1005.0
-1143.0
-1269.0
-974.0
-1301.0
-1592.0
-1246.0
-1543.0
-1032.0
-1055.0
-1028.0
-1886.0
-1058.0
-1008.0
-1072.0
-1733.0
-978.0
-970.0
-965.0
-1370.0
-1330.0
-956.0
-963.0
-1175.0
-1655.0
-1676.0
-1041.0
-1123.0
-1247.0
-1481.0
-1431.0
-1322.0
-1078.0
-1650.0
-1384.0
-1574.0
-1365.0
-1454.0
-1066.0
-955.0
-996.0
-1202.0
-1440.0
-1399.0
-1038.0
-1038.0
-770.0
-1489.0
-1278.0
-989.0
-675.0
-1220.0
-1475.0
-1001.0
-842.0
-1419.0
-1118.0
-1595.0
-1068.0
-669.0
-1121.0
-1730.0
-1729.0
-982.0
-1124.0
-1751.0
-1022.0
-885.0
-563.0
-1145.0
-1347.0
-1153.0
-963.0
-1116.0
-1849.0
-1738.0
-891.0
-1043.0
-1282.0
-1276.0
-1523.0
-1138.0
-1235.0
-1711.0
-1489.0
-2244.0
-1328.0
-1212.0
-1110.0
-997.0
-1050.0
-1151.0
-1422.0
-1107.0
-1023.0
-1092.0
-687.0
-1492.0
-1215.0
-1082.0
-590.0
-1441.0
-1633.0
-1032.0
-1143.0
-1431.0
-1266.0
-1675.0
-1105.0
-617.0
-1083.0
-1767.0
-1101.0
-859.0
-1066.0
-1645.0
-1005.0
-1031.0
-862.0
-1274.0
-1459.0
-947.0
-983.0
-1265.0
-1866.0
-1836.0
-1050.0
-1118.0
-1239.0
-1220.0
-1346.0
-1222.0
-1184.0
-1679.0
-1262.0
-1819.0
-1322.0
-1995.0
-1075.0
-639.0
-960.0
-1187.0
-2033.0
-1080.0
-1086.0
-1097.0
-971.0
-1390.0
-1202.0
-994.0
-1037.0
-1827.0
-1390.0
-621.0
-1219.0
-1376.0
-1196.0
-1666.0
-1109.0
-659.0
-1032.0
-2052.0
-1505.0
-1070.0
-1067.0
-2412.0
-1016.0
-734.0
-1070.0
-1403.0
-1629.0
-977.0
-721.0
-1214.0
-1609.0
-1504.0
-1101.0
-1148.0
-1283.0
-1256.0
-1348.0
-1311.0
-1145.0
-1666.0
-1499.0
-1795.0
-1325.0
-1232.0
-1176.0
-1037.0
-1025.0
-1360.0
-1347.0
-1089.0
-611.0
-1027.0
-987.0
-1526.0
-1517.0
-1009.0
-1013.0
-1201.0
-1346.0
-996.0
-1190.0
-1358.0
-1159.0
-1715.0
-1133.0
-1054.0
-1014.0
-1758.0
-1095.0
-1000.0
-1148.0
-1647.0
-987.0
-968.0
-959.0
-1220.0
-2546.0
-497.0
-670.0
-1214.0
-1911.0
-1676.0
-1024.0
-1289.0
-1303.0
-1188.0
-1361.0
-1202.0
-1065.0
-1535.0
-1391.0
-1855.0
-1207.0
-1473.0
-1357.0
-1011.0
-982.0
-1318.0
-1421.0
-1050.0
-975.0
-1096.0
-960.0
-1746.0
-1397.0
-967.0
-449.0
-1325.0
-1318.0
-878.0
-1337.0
-1230.0
-1118.0
-2228.0
-989.0
-1054.0
-1008.0
-2384.0
-1136.0
-1014.0
-1051.0
-1691.0
-1163.0
-1118.0
-1021.0
-1188.0
-1891.0
-702.0
-975.0
-1274.0
-1829.0
-1752.0
-1046.0
-1083.0
-1215.0
-1279.0
-1266.0
-1346.0
-1187.0
-1693.0
-1598.0
-1817.0
-1155.0
-1383.0
-1088.0
-1008.0
-681.0
-1237.0
-1379.0
-1139.0
-1094.0
-1006.0
-956.0
-1250.0
-1541.0
-981.0
-546.0
-1127.0
-1260.0
-989.0
-1307.0
-1285.0
-1127.0
-1706.0
-1160.0
-1040.0
-1047.0
-2266.0
-1073.0
-647.0
-1031.0
-1412.0
-987.0
-754.0
-968.0
-1233.0
-1222.0
-984.0
-1015.0
-1331.0
-1588.0
-1641.0
-659.0
-989.0
-1261.0
-1196.0
-1366.0
-1716.0
-1080.0
-2157.0
-1632.0
-2005.0
-1135.0
-1192.0
-1129.0
-957.0
-956.0
-1496.0
-1228.0
-1061.0
-1067.0
-1067.0
-392.0
-1988.0
-1291.0
-972.0
-575.0
-1244.0
-1419.0
-981.0
-1353.0
-1518.0
-1220.0
-1633.0
-1118.0
-958.0
-1042.0
-1745.0
-1071.0
-627.0
-1086.0
-1568.0
-967.0
-1184.0
-1010.0
-1166.0
-1743.0
-959.0
-988.0
-1115.0
-1635.0
-1719.0
-1046.0
-1053.0
-1293.0
-1180.0
-1566.0
-1346.0
-1172.0
-1821.0
-1302.0
-1663.0
-1191.0
-1570.0
-1273.0
-972.0
-1221.0
-1206.0
-1306.0
-1123.0
-1093.0
-1042.0
-935.0
-1381.0
-1160.0
-951.0
-957.0
-1210.0
-1234.0
-977.0
-1185.0
-1342.0
-1126.0
-1596.0
-1026.0
-1034.0
-1021.0
-1778.0
-1040.0
-2971.0
-1077.0
-1588.0
-975.0
-947.0
-952.0
-1204.0
-1401.0
-700.0
-962.0
-1297.0
-1764.0
-1624.0
-1045.0
-1109.0
-1796.0
-1254.0
-1476.0
-1208.0
-1174.0
-1660.0
-1402.0
-1622.0
-1179.0
-1373.0
-1119.0
-970.0
-978.0
-1303.0
-1425.0
-1092.0
-1090.0
-992.0
-951.0
-1438.0
-1222.0
-960.0
-638.0
-1209.0
-1221.0
-979.0
-1341.0
-1284.0
-1137.0
-1484.0
-1011.0
-1035.0
-1022.0
-1898.0
-1050.0
-994.0
-1347.0
-1476.0
-983.0
-969.0
-993.0
-1192.0
-1695.0
-949.0
-956.0
-1259.0
-1594.0
-1741.0
-1035.0
-1102.0
-1395.0
-1173.0
-1278.0
-1367.0
-1168.0
-1728.0
-1457.0
-1970.0
-1130.0
-1282.0
-1225.0
-947.0
-1027.0
-1183.0
-1397.0
-1113.0
-1161.0
-1029.0
-957.0
-1371.0
-1385.0
-948.0
-942.0
-1068.0
-1231.0
-961.0
-1193.0
-1497.0
-1140.0
-1567.0
-1115.0
-964.0
-1100.0
-2775.0
-1095.0
-486.0
-1102.0
-1582.0
-1001.0
-1037.0
-961.0
-1260.0
-1393.0
-971.0
-976.0
-1251.0
-2058.0
-1764.0
-1003.0
-1049.0
-1403.0
-1169.0
-1341.0
-1449.0
-1018.0
-1648.0
-1525.0
-1525.0
-1182.0
-1210.0
-1060.0
-702.0
-983.0
-1229.0
-1296.0
-1033.0
-659.0
-1056.0
-950.0
-1337.0
-1227.0
-1010.0
-985.0
-1166.0
-1167.0
-999.0
-1181.0
-1398.0
-1128.0
-1454.0
-1044.0
-1027.0
-1133.0
-2005.0
-1028.0
-1008.0
-1053.0
-1327.0
-1004.0
-992.0
-664.0
-1159.0
-1244.0
-951.0
-950.0
-1233.0
-1555.0
-1581.0
-1078.0
-1117.0
-1390.0
-1165.0
-1351.0
-1320.0
-1111.0
-1639.0
-1316.0
-1544.0
-1217.0
-1464.0
-1194.0
-1300.0
-991.0
-1285.0
-1283.0
-1066.0
-1088.0
-999.0
-985.0
-1136.0
-1211.0
-958.0
-991.0
-1157.0
-1190.0
-703.0
-1265.0
-1307.0
-1074.0
-1462.0
-698.0
-596.0
-998.0
-2992.0
-1118.0
-687.0
-1043.0
-1418.0
-951.0
-609.0
-951.0
-1263.0
-1896.0
-980.0
-700.0
-1213.0
-1518.0
-1446.0
-1102.0
-1196.0
-1810.0
-1268.0
-1280.0
-1363.0
-853.0
-1542.0
-1542.0
-1799.0
-1277.0
-1364.0
-1131.0
-595.0
-1004.0
-1286.0
-1318.0
-671.0
-1053.0
-1013.0
-969.0
-1503.0
-1550.0
-970.0
-962.0
-1516.0
-1172.0
-964.0
-1280.0
-1211.0
-1042.0
-1823.0
-1090.0
-1066.0
-1036.0
-1967.0
-1137.0
-1040.0
-997.0
-1417.0
-953.0
-610.0
-972.0
-1233.0
-1938.0
-957.0
-1045.0
-1300.0
-1673.0
-1721.0
-1012.0
-1107.0
-1396.0
-1182.0
-1216.0
-1322.0
-1087.0
-1673.0
-1547.0
-1783.0
-1229.0
-1355.0
-1044.0
-934.0
-623.0
-1273.0
-1305.0
-1064.0
-1039.0
-988.0
-338.0
-1266.0
-1214.0
-956.0
-936.0
-1155.0
-1186.0
-941.0
-1103.0
-1544.0
-1083.0
-1687.0
-1041.0
-983.0
-1008.0
-1551.0
-1155.0
-593.0
-1018.0
-1657.0
-990.0
-829.0
-573.0
-1087.0
-1375.0
-1022.0
-966.0
-1170.0
-1516.0
-1746.0
-1038.0
-1062.0
-2036.0
-1230.0
-1509.0
-1417.0
-1095.0
-1805.0
-1253.0
-2253.0
-1262.0
-1460.0
-1085.0
-569.0
-953.0
-1178.0
-1339.0
-1045.0
-1050.0
-1031.0
-642.0
-1342.0
-1281.0
-995.0
-1005.0
-1165.0
-1329.0
-968.0
-909.0
-1515.0
-1048.0
-1505.0
-1137.0
-1000.0
-1008.0
-2026.0
-1022.0
-643.0
-1028.0
-1354.0
-986.0
-1011.0
-942.0
-1207.0
-1309.0
-920.0
-481.0
-1228.0
-1916.0
-1751.0
-998.0
-1135.0
-1208.0
-1167.0
-1343.0
-1305.0
-1150.0
-1452.0
-1170.0
-2002.0
-1736.0
-1311.0
-1048.0
-946.0
-1017.0
-1210.0
-1540.0
-1223.0
-591.0
-1011.0
-971.0
-1166.0
-1246.0
-959.0
-961.0
-1196.0
-1125.0
-1020.0
-1319.0
-1486.0
-1140.0
-1607.0
-1219.0
-983.0
-1080.0
-1962.0
-1020.0
-1007.0
-1025.0
-1306.0
-974.0
-957.0
-957.0
-1198.0
-1267.0
-1008.0
-966.0
-1206.0
-1564.0
-1735.0
-1262.0
-1126.0
-2007.0
-1588.0
-1330.0
-1233.0
-1121.0
-1713.0
-1271.0
-1559.0
-1219.0
-1186.0
-1059.0
-922.0
-988.0
-1275.0
-1460.0
-820.0
-987.0
-1058.0
-949.0
-1547.0
-1308.0
-958.0
-349.0
-1122.0
-1236.0
-983.0
-1164.0
-1381.0
-1214.0
-1596.0
-1023.0
-682.0
-1014.0
-1909.0
-1015.0
-980.0
-1031.0
-1541.0
-971.0
-969.0
-967.0
-1168.0
-1874.0
-932.0
-981.0
-1092.0
-1789.0
-1696.0
-1001.0
-1000.0
-1140.0
-1299.0
-1330.0
-1435.0
-1048.0
-1615.0
-1302.0
-1766.0
-1303.0
-1246.0
-1111.0
-764.0
-966.0
-1193.0
-1318.0
-1029.0
-597.0
-1046.0
-354.0
-1234.0
-1294.0
-997.0
-991.0
-1145.0
-1142.0
-999.0
-1114.0
-1342.0
-1088.0
-1537.0
-1132.0
-538.0
-1133.0
-4686.0
-1088.0
-1006.0
-1059.0
-1285.0
-976.0
-964.0
-992.0
-1390.0
-1276.0
-962.0
-563.0
-1221.0
-1575.0
-1663.0
-1062.0
-1162.0
-2471.0
-1479.0
-1427.0
-1252.0
-1101.0
-1723.0
-1351.0
-1823.0
-1218.0
-1333.0
-1992.0
-958.0
-993.0
-1473.0
-1395.0
-1085.0
-1004.0
-1053.0
-1197.0
-1330.0
-1300.0
-976.0
-979.0
-1233.0
-1267.0
-996.0
-1108.0
-1457.0
-1190.0
-1550.0
-995.0
-990.0
-1050.0
-2160.0
-1053.0
-980.0
-1107.0
-1545.0
-969.0
-969.0
-599.0
-1293.0
-1368.0
-359.0
-992.0
-1180.0
-1540.0
-1823.0
-1005.0
-1089.0
-1270.0
-1352.0
-1276.0
-1241.0
-1110.0
-1701.0
-1347.0
-1712.0
-1171.0
-1842.0
-1149.0
-960.0
-959.0
-1236.0
-1289.0
-1050.0
-1128.0
-993.0
-395.0
-1311.0
-1411.0
-974.0
-955.0
-1273.0
-1234.0
-964.0
-1282.0
-1266.0
-1233.0
-1610.0
-1161.0
-974.0
-1055.0
-2301.0
-1122.0
-966.0
-1135.0
-1494.0
-928.0
-946.0
-955.0
-1369.0
-1332.0
-1242.0
-1027.0
-1274.0
-1624.0
-1767.0
-1005.0
-1195.0
-1403.0
-1257.0
-1342.0
-1228.0
-1156.0
-1878.0
-1240.0
-1708.0
-1392.0
-1471.0
-1044.0
-929.0
-975.0
-1168.0
-1373.0
-970.0
-1043.0
-983.0
-859.0
-1235.0
-1367.0
-951.0
-984.0
-1307.0
-864.0
-996.0
-1330.0
-1491.0
-1222.0
-1510.0
-1063.0
-977.0
-1068.0
-2503.0
-661.0
-979.0
-1062.0
-1368.0
-997.0
-424.0
-818.0
-1121.0
-1349.0
-964.0
-963.0
-1218.0
-1510.0
-1760.0
-1009.0
-1297.0
-1305.0
-1163.0
-1298.0
-1326.0
-1098.0
-1674.0
-1224.0
-1689.0
-1266.0
-1182.0
-1136.0
-1032.0
-1010.0
-2649.0
-1486.0
-1126.0
-1135.0
-1038.0
-569.0
-1246.0
-1465.0
-1046.0
-991.0
-1264.0
-1221.0
-1044.0
-1373.0
-1296.0
-1042.0
-1817.0
-1033.0
-1074.0
-1042.0
-2076.0
-1031.0
-1032.0
-1096.0
-1319.0
-1020.0
-953.0
-588.0
-1132.0
-1315.0
-952.0
-1570.0
-1590.0
-1646.0
-1702.0
-1022.0
-1198.0
-1732.0
-1157.0
-1367.0
-1362.0
-1071.0
-1707.0
-1368.0
-1947.0
-1255.0
-1408.0
-1051.0
-1062.0
-1026.0
-1280.0
-1254.0
-801.0
-1032.0
-803.0
-946.0
-1343.0
-1312.0
-959.0
-628.0
-1316.0
-1300.0
-945.0
-1343.0
-1355.0
-1047.0
-1694.0
-1019.0
-595.0
-1263.0
-2031.0
-1202.0
-984.0
-1036.0
-1555.0
-1000.0
-1003.0
-571.0
-1164.0
-1236.0
-1025.0
-922.0
-1301.0
-2108.0
-1825.0
-1018.0
-1229.0
-1463.0
-1214.0
-1405.0
-1228.0
-1158.0
-1574.0
-1401.0
-1503.0
-1192.0
-1218.0
-1097.0
-967.0
-552.0
-1132.0
-1400.0
-1222.0
-1034.0
-1026.0
-996.0
-1237.0
-1236.0
-968.0
-983.0
-1230.0
-1181.0
-959.0
-1619.0
-1453.0
-1063.0
-1882.0
-808.0
-996.0
-1147.0
-2112.0
-1081.0
-977.0
-1006.0
-1359.0
-962.0
-595.0
-995.0
-1205.0
-2089.0
-941.0
-588.0
-1328.0
-2229.0
-1787.0
-1055.0
-1058.0
-1368.0
-1171.0
-1593.0
-1220.0
-1113.0
-1668.0
-1297.0
-1492.0
-1234.0
-1282.0
-1266.0
-969.0
-1075.0
-1517.0
-1351.0
-1126.0
-1019.0
-1008.0
-987.0
-1382.0
-1163.0
-959.0
-948.0
-1145.0
-3869.0
-976.0
-933.0
-1314.0
-1106.0
-1664.0
-1053.0
-1152.0
-1137.0
-2422.0
-1031.0
-995.0
-1059.0
-1424.0
-979.0
-987.0
-978.0
-1207.0
-1574.0
-2970.0
-942.0
-1364.0
-1556.0
-1510.0
-1015.0
-1025.0
-1356.0
-1092.0
-1418.0
-1298.0
-1045.0
-1757.0
-1156.0
-1712.0
-1253.0
-1156.0
-1069.0
-965.0
-973.0
-1302.0
-1256.0
-752.0
-1113.0
-1014.0
-958.0
-1310.0
-1234.0
-947.0
-959.0
-1256.0
-1183.0
-1014.0
-1259.0
-1294.0
-1112.0
-1512.0
-1024.0
-588.0
-1013.0
-1790.0
-1057.0
-977.0
-1042.0
-1490.0
-961.0
-965.0
-984.0
-1186.0
-1397.0
-947.0
-943.0
-1134.0
-1688.0
-1691.0
-1068.0
-1271.0
-1386.0
-1205.0
-1352.0
-1209.0
-1132.0
-1741.0
-1295.0
-1698.0
-1213.0
-1417.0
-1083.0
-674.0
-958.0
-1101.0
-1342.0
-1082.0
-1068.0
-1058.0
-937.0
-1291.0
-1415.0
-953.0
-958.0
-1354.0
-1205.0
-979.0
-1302.0
-1395.0
-1197.0
-1848.0
-1211.0
-1010.0
-1002.0
-1730.0
-1057.0
-967.0
-1059.0
-1460.0
-976.0
-948.0
-988.0
-1397.0
-1244.0
-934.0
-924.0
-1220.0
-1535.0
-1537.0
-1036.0
-1024.0
-1325.0
-1136.0
-1416.0
-1220.0
-1114.0
-1615.0
-1369.0
-1724.0
-1137.0
-1292.0
-1045.0
-949.0
-975.0
-1139.0
-1441.0
-1056.0
-1030.0
-1020.0
-586.0
-1151.0
-1276.0
-948.0
-981.0
-1191.0
-824.0
-1028.0
-1303.0
-1293.0
-1247.0
-1586.0
-1088.0
-1086.0
-1039.0
-1690.0
-1115.0
-980.0
-1034.0
-1598.0
-990.0
-564.0
-1026.0
-1204.0
-1214.0
-660.0
-958.0
-1193.0
-1510.0
-1500.0
-1063.0
-1124.0
-1178.0
-1211.0
-1375.0
-1240.0
-1079.0
-1650.0
-1263.0
-1851.0
-1122.0
-1400.0
-1020.0
-566.0
-621.0
-1160.0
-1204.0
-937.0
-557.0
-1022.0
-1005.0
-1312.0
-1175.0
-939.0
-986.0
-1533.0
-921.0
-1330.0
-1135.0
-1332.0
-1338.0
-1548.0
-1035.0
-1015.0
-1062.0
-1917.0
-1134.0
-997.0
-1042.0
-1390.0
-999.0
-1007.0
-577.0
-1229.0
-1291.0
-514.0
-965.0
-1220.0
-1519.0
-1586.0
-1037.0
-1064.0
-1300.0
-1310.0
-1394.0
-1207.0
-1097.0
-1550.0
-1026.0
-1688.0
-1291.0
-1191.0
-1070.0
-384.0
-998.0
-1175.0
-1553.0
-1022.0
-601.0
-1061.0
-958.0
-1317.0
-1227.0
-971.0
-507.0
-1271.0
-894.0
-998.0
-1142.0
-1454.0
-1042.0
-1589.0
-1087.0
-608.0
-628.0
-1705.0
-1036.0
-555.0
-1039.0
-894.0
-969.0
-667.0
-987.0
-1225.0
-1558.0
-978.0
-979.0
-1403.0
-1595.0
-1543.0
-1006.0
-1100.0
-1191.0
-1141.0
-1380.0
-1148.0
-712.0
-1665.0
-845.0
-1574.0
-1212.0
-1329.0
-1048.0
-987.0
-963.0
-2865.0
-1228.0
-1041.0
-740.0
-968.0
-591.0
-1197.0
-1299.0
-962.0
-966.0
-1108.0
-1178.0
-959.0
-1249.0
-1411.0
-1257.0
-1581.0
-1101.0
-1024.0
-999.0
-2028.0
-999.0
-967.0
-1034.0
-1633.0
-2277.0
-545.0
-952.0
-1206.0
-1196.0
-971.0
-504.0
-1142.0
-1649.0
-1480.0
-1359.0
-1171.0
-1357.0
-1252.0
-1338.0
-1171.0
-1046.0
-1679.0
-1190.0
-1502.0
-1202.0
-1461.0
-1058.0
-585.0
-982.0
-1206.0
-1169.0
-1073.0
-1110.0
-972.0
-452.0
-1297.0
-1221.0
-961.0
-976.0
-1140.0
-1169.0
-983.0
-1176.0
-1313.0
-1126.0
-1568.0
-1176.0
-972.0
-991.0
-1653.0
-1024.0
-995.0
-1036.0
-1458.0
-947.0
-983.0
-939.0
-1267.0
-1357.0
-964.0
-956.0
-1203.0
-1642.0
-1596.0
-1026.0
-1050.0
-1185.0
-1172.0
-1294.0
-1190.0
-1170.0
-1722.0
-1155.0
-1913.0
-1262.0
-1374.0
-1074.0
-942.0
-971.0
-1135.0
-1250.0
-986.0
-971.0
-1034.0
-948.0
-1252.0
-760.0
-953.0
-940.0
-1134.0
-1146.0
-966.0
-1102.0
-1395.0
-1230.0
-1455.0
-1132.0
-609.0
-1101.0
-1893.0
-1010.0
-954.0
-1018.0
-1436.0
-979.0
-756.0
-543.0
-1193.0
-1187.0
-961.0
-955.0
-1086.0
-1604.0
-1620.0
-1008.0
-1004.0
-1329.0
-1267.0
-1323.0
-1229.0
-1095.0
-1785.0
-1158.0
-1794.0
-1634.0
-1202.0
-1026.0
-965.0
-940.0
-966.0
-1196.0
-1051.0
-529.0
-1018.0
-500.0
-1352.0
-790.0
-957.0
-949.0
-1153.0
-1258.0
-1019.0
-822.0
-1599.0
-1153.0
-1784.0
-1038.0
-1004.0
-1035.0
-1894.0
-1046.0
-605.0
-1055.0
-1319.0
-961.0
-647.0
-971.0
-1224.0
-1326.0
-643.0
-945.0
-1139.0
-1524.0
-1615.0
-1006.0
-1209.0
-1170.0
-1135.0
-1331.0
-1186.0
-1057.0
-1665.0
-1228.0
-1542.0
-1343.0
-1287.0
-1042.0
-574.0
-955.0
-1180.0
-1233.0
-1023.0
-969.0
-1065.0
-928.0
-1261.0
-1235.0
-1033.0
-948.0
-1245.0
-1171.0
-943.0
-1136.0
-1221.0
-1207.0
-1598.0
-1139.0
-506.0
-1002.0
-1800.0
-1095.0
-962.0
-1037.0
-1356.0
-983.0
-939.0
-1029.0
-1271.0
-1294.0
-951.0
-949.0
-1168.0
-1684.0
-1655.0
-1035.0
-1174.0
-1189.0
-1115.0
-1557.0
-1183.0
-1117.0
-1513.0
-1290.0
-1762.0
-1197.0
-1282.0
-1173.0
-509.0
-952.0
-1128.0
-1237.0
-1098.0
-1000.0
-965.0
-419.0
-1270.0
-1250.0
-944.0
-946.0
-1119.0
-1152.0
-968.0
-835.0
-1328.0
-1153.0
-1390.0
-1087.0
-973.0
-998.0
-1908.0
-985.0
-604.0
-1033.0
-1355.0
-969.0
-926.0
-570.0
-1241.0
-1201.0
-959.0
-929.0
-1125.0
-1663.0
-1585.0
-1011.0
-613.0
-1264.0
-1149.0
-1368.0
-1167.0
-1133.0
-1592.0
-1146.0
-1841.0
-1221.0
-1393.0
-1029.0
-928.0
-952.0
-1217.0
-1541.0
-1008.0
-1043.0
-1036.0
-909.0
-1221.0
-1406.0
-958.0
-948.0
-1108.0
-709.0
-932.0
-1143.0
-1386.0
-1105.0
-2088.0
-1078.0
-1027.0
-1011.0
-1696.0
-986.0
-974.0
-1016.0
-1192.0
-954.0
-976.0
-994.0
-1232.0
-1391.0
-931.0
-859.0
-1260.0
-1558.0
-1637.0
-1024.0
-1255.0
-1308.0
-1201.0
-1237.0
-1207.0
-1047.0
-1555.0
-1481.0
-1684.0
-1541.0
-1316.0
-1147.0
-983.0
-1026.0
-1153.0
-1201.0
-661.0
-1021.0
-1005.0
-928.0
-1338.0
-1180.0
-955.0
-952.0
-1114.0
-1116.0
-976.0
-1091.0
