-16051.0
-16165.0
-23853.0
-17197.0
-15858.0
-11956.0
-18437.0
-16570.0
-14760.0
-10899.0
-24468.0
-11470.0
-16824.0
-12371.0
-10873.0
-16437.0
-13242.0
-11902.0
-21876.0
-20726.0
-13424.0
-9827.0
-16761.0
-22660.0
-25511.0
-19082.0
-19677.0
-19266.0
-19097.0
-16313.0
-14798.0
-18777.0
-19284.0
-18403.0
-11752.0
-11409.0
-13246.0
-18376.0
-14968.0
-15813.0
-12923.0
-6967.0
-21015.0
-21288.0
-9633.0
-10725.0
-8643.0
-13402.0
-14142.0
-12706.0
-12909.0
-16722.0
-18043.0
-14592.0
-14758.0
-11020.0
-18677.0
-15520.0
-13172.0
-13647.0
-16372.0
-9473.0
-12504.0
-12994.0
-17630.0
-16969.0
-11193.0
-12773.0
-11567.0
-16511.0
-16494.0
-12738.0
-9768.0
-16931.0
-12230.0
-13337.0
-12362.0
-13596.0
-18715.0
-17156.0
-15701.0
-15067.0
-18975.0
-11603.0
-11690.0
-14638.0
-13533.0
-8384.0
-8940.0
-11060.0
-12990.0
-8862.0
-19404.0
-13307.0
-9511.0
-7864.0
-9953.0
-16621.0
-16134.0
-12369.0
-13283.0
-15068.0
-21154.0
-12049.0
-14853.0
-13769.0
-12105.0
-9061.0
-14878.0
-8194.0
-14574.0
-9319.0
-14386.0
-11578.0
-11281.0
-15206.0
-9017.0
-10705.0
-14475.0
-13998.0
-14427.0
-23360.0
-7346.0
-12040.0
-11489.0
-19752.0
-14949.0
-11162.0
-16301.0
-12289.0
-12782.0
-19919.0
-14746.0
-12045.0
-11797.0
-10824.0
-20397.0
-13770.0
-12059.0
-10320.0
-9359.0
-6310.0
-13744.0
-11750.0
-10739.0
-10247.0
-14021.0
-13220.0
-4977.0
-14692.0
-12509.0
-10048.0
-24232.0
-10703.0
-9366.0
-12520.0
-15036.0
-11004.0
-9091.0
-9062.0
-14401.0
-10624.0
-6374.0
-8203.0
-16271.0
-15447.0
-8759.0
-9960.0
-16117.0
-17070.0
-9890.0
-6810.0
-11676.0
-18614.0
-12220.0
-11728.0
-14404.0
-11583.0
-12721.0
-14022.0
-11839.0
-11955.0
-11294.0
-10253.0
-6612.0
-9096.0
-15036.0
-11525.0
-7962.0
-11945.0
-9589.0
-6200.0
-14882.0
-17669.0
-9452.0
-9038.0
-12854.0
-8638.0
-7305.0
-13976.0
-9885.0
-8712.0
-15119.0
-5673.0
-12738.0
-6033.0
-13275.0
-8828.0
-10679.0
-9533.0
-20389.0
-7069.0
-10843.0
-11353.0
-13513.0
-13807.0
-5666.0
-11374.0
-19595.0
-14036.0
-17000.0
-13819.0
-12800.0
-15814.0
-7430.0
-12269.0
-16488.0
-12883.0
-10600.0
-8555.0
-12111.0
-12429.0
-14726.0
-15275.0
-7410.0
-6611.0
-13477.0
-9053.0
-10141.0
-12666.0
-8509.0
-7151.0
-10450.0
-18906.0
-8454.0
-4283.0
-13362.0
-9227.0
-7329.0
-10353.0
-11364.0
-7229.0
-20606.0
-8141.0
-9153.0
-8596.0
-11912.0
-13680.0
-7048.0
-5941.0
-10095.0
-4770.0
-9830.0
-8627.0
-7411.0
-10783.0
-4833.0
-6081.0
-9399.0
-15419.0
-9639.0
-7249.0
-8779.0
-10890.0
-9591.0
-8012.0
-7530.0
-4763.0
-13136.0
-10685.0
-9302.0
-14986.0
-16389.0
-9178.0
-5379.0
-7391.0
-8512.0
-4843.0
-7977.0
-10172.0
-6612.0
-8227.0
-8722.0
-11573.0
-10121.0
-9700.0
-9753.0
-7900.0
-5657.0
-10942.0
-9474.0
-8447.0
-11613.0
-14594.0
-5825.0
-6921.0
-12189.0
-7693.0
-8620.0
-7660.0
-8053.0
-4426.0
-5957.0
-7317.0
-9669.0
-10411.0
-6323.0
-6344.0
-11875.0
-9076.0
-8422.0
-8000.0
-9858.0
-7471.0
-8840.0
-10259.0
-8502.0
-5457.0
-10338.0
-6291.0
-8174.0
-8310.0
-11192.0
-9229.0
-4836.0
-7838.0
-6821.0
-5946.0
-5210.0
-9248.0
-5563.0
-5259.0
-5408.0
-14640.0
-8285.0
-2781.0
-8335.0
-9691.0
-3743.0
-9343.0
-6742.0
-8908.0
-16668.0
-4695.0
-5811.0
-7625.0
-13017.0
-6792.0
-5583.0
-5468.0
-7441.0
-3972.0
-6121.0
-6100.0
-12857.0
-8418.0
-6725.0
-5318.0
-7911.0
-8910.0
-15260.0
-8523.0
-6050.0
-4613.0
-9434.0
-9047.0
-6741.0
-8403.0
-10987.0
-7083.0
-8957.0
-14411.0
-9537.0
-4810.0
-6503.0
-9033.0
-8430.0
-8379.0
-7329.0
-10786.0
-4925.0
-3221.0
-7836.0
-7219.0
-3542.0
-6237.0
-10529.0
-10300.0
-2928.0
-10037.0
-6273.0
-6258.0
-10262.0
-5815.0
-5273.0
-3964.0
-9490.0
-5150.0
-7360.0
-5243.0
-6325.0
-4201.0
-7858.0
-7243.0
-5644.0
-6084.0
-4195.0
-4768.0
-8880.0
-7102.0
-8978.0
-7133.0
-4550.0
-9505.0
-5078.0
-7334.0
-6864.0
-6107.0
-5734.0
-9854.0
-6498.0
-7635.0
-11932.0
-5458.0
-4295.0
-4267.0
-10533.0
-3973.0
-5994.0
-6145.0
-6244.0
-4362.0
-10319.0
-7507.0
-4612.0
-5836.0
-7691.0
-5770.0
-4787.0
-6654.0
-8582.0
-6554.0
-13910.0
-6637.0
-8481.0
-4072.0
-8002.0
-6429.0
-4482.0
-3337.0
-6970.0
-4901.0
-5350.0
-6831.0
-9454.0
-11147.0
-3386.0
-3499.0
-4850.0
-7704.0
-3879.0
-5457.0
-13830.0
-7927.0
-6313.0
-5224.0
-8138.0
-2493.0
-6393.0
-5609.0
-5789.0
-10113.0
-8429.0
-5236.0
-5544.0
-4036.0
-8706.0
-5581.0
-4752.0
-6976.0
-4453.0
-4103.0
-7267.0
-7740.0
-2278.0
-4432.0
-6630.0
-9995.0
-3168.0
-7153.0
-5193.0
-3399.0
-15093.0
-3223.0
-7452.0
-2714.0
-5343.0
-4476.0
-4504.0
-4786.0
-4120.0
-3653.0
-4075.0
-2807.0
-6631.0
-5327.0
-5772.0
-4603.0
-8042.0
-5722.0
-8264.0
-4195.0
-7195.0
-5316.0
-5339.0
-7203.0
-6539.0
-4607.0
-5909.0
-3598.0
-8944.0
-5254.0
-6264.0
-4643.0
-3304.0
-3004.0
-10034.0
-5103.0
-3523.0
-5037.0
-4227.0
-4526.0
-3545.0
-8862.0
-4505.0
-3325.0
-5260.0
-4932.0
-5360.0
-7859.0
-3852.0
-4282.0
-11952.0
-3505.0
-3409.0
-4305.0
-5707.0
-2836.0
-4353.0
-3686.0
-5056.0
-4136.0
-2183.0
-4586.0
-4541.0
-10534.0
-3136.0
-2755.0
-8481.0
-5602.0
-4858.0
-4498.0
-5980.0
-2798.0
-3845.0
-5408.0
-3491.0
-2757.0
-7425.0
-4633.0
-7691.0
-6877.0
-7129.0
-5439.0
-2928.0
-3541.0
-3890.0
-5695.0
-3270.0
-4405.0
-3952.0
-3031.0
-5280.0
-13230.0
-3358.0
-6971.0
-6568.0
-3623.0
-4607.0
-5392.0
-5441.0
-7362.0
-10476.0
-4587.0
-3729.0
-3055.0
-6750.0
-2746.0
-3437.0
-2075.0
-4808.0
-3058.0
-1796.0
-6666.0
-6792.0
-7281.0
-2150.0
-2378.0
-6478.0
-10002.0
-6209.0
-3448.0
-4922.0
-4113.0
-4202.0
-4611.0
-3470.0
-2635.0
-7078.0
-5796.0
-7695.0
-4800.0
-8341.0
-2237.0
-2632.0
-2922.0
-6032.0
-4435.0
-4971.0
-5215.0
-4179.0
-2077.0
-3598.0
-7627.0
-3742.0
-2960.0
-7218.0
-5627.0
-4141.0
-3614.0
-4575.0
-3904.0
-7731.0
-3301.0
-2612.0
-2714.0
-4810.0
-6338.0
-3115.0
-4402.0
-2892.0
-2724.0
-3042.0
-2221.0
-3351.0
-7476.0
-2633.0
-3206.0
-6039.0
-6143.0
-5438.0
-5669.0
-3007.0
-7781.0
-3207.0
-5165.0
-4794.0
-4450.0
-7172.0
-4119.0
-5263.0
-7980.0
-3373.0
-2900.0
-2656.0
-3052.0
-4612.0
-6446.0
-3854.0
-3399.0
-2887.0
-2967.0
-2246.0
-2927.0
-2985.0
-3618.0
-5884.0
-4856.0
-4358.0
-4355.0
-4461.0
-5819.0
-9156.0
-4252.0
-3862.0
-3658.0
-2937.0
-4029.0
-4844.0
-2704.0
-4289.0
-3532.0
-4546.0
-3799.0
-3278.0
-9474.0
-2363.0
-2594.0
-4233.0
-4772.0
-5248.0
-4398.0
-3709.0
-6183.0
-3567.0
-3715.0
-3876.0
-2404.0
-4229.0
-4326.0
-3291.0
-6273.0
-4207.0
-2178.0
-2941.0
-1740.0
-4870.0
-3024.0
-2544.0
-2622.0
-1940.0
-4413.0
-2915.0
-4812.0
-3120.0
-2538.0
-3907.0
-2764.0
-2634.0
-3327.0
-4412.0
-4136.0
-4756.0
-4772.0
-4205.0
-3454.0
-6135.0
-2648.0
-3094.0
-3961.0
-5438.0
-2150.0
-2989.0
-2492.0
-3053.0
-4562.0
-2942.0
-2797.0
-4313.0
-6454.0
-3822.0
-4219.0
-3856.0
-4311.0
-4327.0
-2914.0
-3396.0
-2783.0
-4946.0
-3527.0
-3470.0
-7576.0
-3192.0
-3549.0
-2701.0
-2632.0
-3412.0
-3865.0
-2484.0
-2562.0
-2807.0
-1553.0
-3244.0
-4012.0
-2273.0
-2415.0
-3777.0
-2476.0
-2355.0
-4511.0
-3810.0
-2522.0
-6595.0
-3020.0
-3835.0
-3093.0
-5365.0
-2687.0
-2112.0
-2747.0
-2663.0
-3748.0
-1947.0
-2121.0
-2062.0
-3830.0
-2920.0
-2020.0
-2888.0
-3269.0
-4522.0
-2676.0
-3544.0
-4285.0
-2843.0
-2811.0
-3023.0
-2878.0
-2864.0
-3060.0
-4169.0
-3127.0
-4240.0
-3211.0
-2217.0
-2816.0
-4034.0
-3031.0
-3160.0
-2320.0
-2201.0
-2392.0
-4796.0
-4242.0
-2274.0
-2237.0
-3781.0
-4007.0
-1692.0
-6438.0
-4168.0
-4445.0
-5666.0
-3398.0
-1882.0
-2259.0
-4653.0
-1728.0
-2240.0
-2106.0
-4462.0
-2046.0
-2397.0
-2707.0
-3266.0
-5209.0
-2116.0
-1717.0
-3993.0
-6943.0
-2991.0
-3030.0
-2560.0
-4132.0
-1858.0
-3382.0
-3619.0
-1897.0
-3395.0
-3488.0
-3931.0
-3890.0
-2182.0
-2350.0
-1822.0
-1659.0
-3538.0
-2318.0
-2359.0
-1731.0
-2039.0
-2771.0
-2505.0
-4024.0
-1751.0
-2063.0
-3517.0
-2174.0
-1641.0
-2488.0
-2461.0
-2755.0
-6462.0
-2289.0
-2466.0
-2034.0
-4074.0
-2637.0
-2814.0
-2250.0
-2704.0
-1674.0
-2256.0
-2001.0
-4516.0
-2787.0
-2106.0
-2146.0
-4232.0
-6570.0
-2726.0
-3068.0
-2265.0
-2882.0
-2073.0
-2703.0
-3457.0
-3451.0
-3560.0
-4385.0
-4726.0
-3417.0
-2553.0
-2195.0
-1800.0
-2691.0
-4135.0
-2728.0
-2324.0
-1889.0
-2023.0
-1465.0
-2660.0
-3147.0
-1775.0
-1879.0
-3684.0
-3383.0
-2101.0
-3247.0
-1907.0
-2442.0
-4912.0
-1658.0
-1900.0
-2595.0
-4261.0
-1792.0
-2201.0
-2790.0
-5594.0
-1997.0
-3035.0
-2159.0
-2577.0
-6656.0
-1935.0
-1474.0
-3690.0
-4304.0
-2735.0
-2017.0
-2677.0
-3366.0
-3660.0
-2431.0
-2554.0
-2338.0
-2724.0
-2863.0
-3404.0
-2939.0
-3892.0
-2140.0
-1415.0
-2059.0
-3996.0
-3730.0
-2997.0
-2355.0
-1927.0
-2177.0
-2528.0
-4301.0
-1678.0
-1838.0
-2723.0
-1836.0
-2228.0
-2994.0
-2887.0
-1722.0
-3864.0
-1839.0
-2267.0
-2490.0
-3421.0
-2131.0
-2017.0
-1965.0
-3533.0
-1993.0
-2031.0
-2074.0
-2686.0
-4488.0
-1580.0
-1577.0
-2502.0
-5687.0
-2868.0
-2029.0
-2493.0
-3551.0
-2609.0
-2679.0
-2973.0
-2351.0
-3413.0
-3067.0
-3847.0
-4065.0
-3846.0
-1866.0
-2017.0
-2118.0
-3372.0
-2432.0
-2187.0
-2948.0
-1989.0
-1861.0
-2876.0
-3106.0
-2299.0
-2354.0
-2162.0
-3096.0
-2025.0
-3290.0
-2277.0
-2369.0
-2544.0
-2172.0
-1592.0
-1598.0
-4298.0
-2037.0
-2209.0
-1720.0
-2568.0
-1444.0
-2532.0
-2125.0
-2306.0
-5579.0
-1551.0
-1504.0
-2796.0
-3386.0
-2471.0
-2041.0
-2389.0
-4152.0
-2401.0
-2719.0
-3423.0
-2492.0
-3185.0
-1986.0
-2517.0
-5668.0
-2658.0
-1904.0
-2108.0
-1534.0
-3404.0
-2003.0
-1782.0
-1935.0
-1673.0
-1920.0
-5016.0
-2333.0
-1527.0
-1989.0
-3912.0
-2225.0
-2341.0
-3206.0
-3263.0
-2134.0
-2952.0
-1961.0
-2479.0
-1958.0
-2729.0
-2729.0
-1335.0
-1904.0
-3242.0
-2085.0
-1540.0
-1617.0
-2799.0
-2760.0
-2239.0
-1576.0
-2618.0
-4785.0
-4665.0
-1992.0
-3321.0
-2439.0
-2383.0
-2446.0
-3078.0
-1953.0
-2958.0
-2311.0
-2191.0
-2841.0
-2449.0
-1687.0
-1618.0
-1919.0
-2400.0
-1912.0
-2524.0
-2397.0
-1806.0
-1707.0
-1598.0
-5321.0
-1855.0
-1685.0
-3243.0
-2354.0
-1644.0
-2046.0
-1960.0
-1739.0
-3694.0
-2490.0
-2054.0
-1713.0
-2727.0
-2075.0
-1652.0
-2198.0
-1943.0
-1958.0
-1407.0
-2042.0
-2602.0
-4218.0
-1717.0
-1379.0
-2421.0
-3327.0
-3288.0
-1744.0
-2258.0
-2573.0
-2291.0
-2554.0
-2550.0
-1834.0
-2308.0
-2447.0
-2204.0
-2979.0
-1874.0
-2064.0
-1719.0
-1796.0
-2593.0
-3000.0
-1686.0
-2026.0
-1616.0
-1506.0
-2027.0
-1881.0
-1826.0
-2227.0
-2384.0
-1782.0
-1458.0
-2245.0
-2771.0
-1492.0
-3386.0
-1985.0
-1570.0
-1769.0
-3751.0
-2222.0
-1386.0
-2192.0
-2773.0
-1716.0
-1489.0
-1624.0
-2059.0
-1972.0
-1386.0
-1492.0
-2656.0
-3365.0
-1909.0
-2628.0
-1954.0
-2135.0
-2412.0
-1955.0
-2915.0
-1718.0
-2310.0
-2121.0
-2456.0
-3106.0
-2587.0
-1594.0
-1752.0
-1368.0
-3232.0
-1752.0
-1742.0
-2112.0
-1473.0
-1225.0
-2404.0
-2311.0
-1630.0
-1726.0
-1835.0
-3752.0
-1702.0
-1943.0
-2009.0
-2181.0
-2902.0
-1494.0
-1665.0
-1717.0
-4128.0
-2775.0
-1853.0
-1455.0
-2341.0
-1728.0
-1815.0
-2052.0
-1966.0
-2660.0
-1671.0
-1942.0
-2593.0
-3123.0
-2251.0
-1816.0
-1619.0
-2737.0
-1954.0
-1927.0
-2250.0
-2051.0
-2418.0
-2396.0
-3127.0
-2098.0
-2027.0
-1897.0
-1788.0
-1608.0
-2022.0
-2764.0
-1775.0
-1526.0
-1396.0
-1369.0
-2027.0
-3117.0
-1269.0
-1700.0
-2596.0
-1861.0
-1543.0
-2501.0
-2474.0
-2408.0
-2868.0
-1715.0
-1624.0
-1815.0
-3059.0
-1766.0
-1149.0
-1621.0
-2817.0
-1312.0
-1557.0
-1600.0
-2282.0
-2945.0
-1295.0
-1333.0
-2009.0
-2220.0
-2784.0
-1810.0
-1799.0
-2616.0
-1681.0
-2917.0
-1956.0
-1595.0
-2572.0
-2152.0
-2495.0
-2530.0
-2250.0
-1941.0
-1565.0
-1479.0
-2665.0
-1900.0
-2173.0
-1657.0
-1186.0
-1515.0
-2319.0
-2427.0
-1961.0
-2173.0
-2831.0
-2168.0
-1879.0
-2496.0
-2320.0
-1940.0
-3568.0
-1997.0
-1976.0
-1751.0
-3321.0
-1571.0
-1783.0
-1388.0
-6365.0
-1178.0
-2067.0
-1561.0
-1805.0
-2790.0
-1454.0
-1323.0
-2316.0
-2211.0
-2388.0
-1865.0
-1969.0
-3055.0
-1561.0
-2426.0
-2633.0
-1660.0
-2458.0
-1547.0
-2643.0
-3776.0
-2976.0
-2930.0
-1598.0
-1677.0
-3408.0
-1516.0
-2063.0
-2099.0
-1586.0
-1281.0
-1732.0
-3005.0
-1228.0
-1205.0
-2925.0
-2372.0
-1770.0
-2559.0
-1918.0
-1506.0
-3156.0
-1619.0
-1428.0
-1703.0
-2824.0
-1652.0
-2028.0
-1727.0
-2301.0
-1981.0
-1413.0
-1589.0
-2182.0
-3530.0
-1577.0
-1648.0
-2071.0
-2335.0
-3103.0
-1776.0
-1626.0
-2501.0
-2342.0
-2169.0
-2957.0
-1785.0
-2428.0
-1619.0
-2122.0
-2765.0
-1825.0
-1531.0
-1203.0
-1730.0
-2099.0
-2222.0
-1652.0
-1264.0
-1542.0
-1125.0
-2068.0
-2386.0
-1102.0
-1498.0
-1430.0
-1549.0
-1261.0
-1889.0
-1949.0
-1719.0
-3499.0
-1930.0
-1732.0
-2818.0
-3418.0
-1832.0
-1878.0
-1711.0
-3445.0
-1478.0
-1365.0
-1354.0
-1793.0
-4080.0
-1318.0
-1597.0
-1674.0
-1813.0
-2571.0
-1781.0
-2035.0
-2228.0
-1574.0
-1752.0
-1929.0
-1391.0
-2345.0
-2961.0
-2029.0
-2837.0
-1984.0
-1659.0
-1235.0
-1347.0
-2886.0
-1524.0
-1487.0
-1498.0
-1462.0
-1422.0
-1838.0
-1812.0
-1434.0
-1392.0
-1782.0
-2556.0
-1477.0
-1867.0
-1842.0
-2381.0
-4116.0
-1271.0
-1226.0
-1303.0
-2489.0
-1657.0
-1624.0
-1622.0
-2069.0
-1367.0
-1123.0
-1635.0
-2568.0
-3195.0
-1234.0
-1145.0
-1790.0
-2525.0
-2475.0
-1423.0
-1884.0
-3126.0
-1870.0
-1562.0
-1779.0
-1620.0
-2788.0
-2058.0
-2861.0
-2668.0
-1671.0
-1606.0
-1687.0
-1366.0
-2643.0
-1631.0
-1655.0
-2334.0
-1387.0
-1389.0
-1997.0
-2343.0
-1488.0
-1616.0
-1534.0
-2063.0
-1625.0
-1665.0
-3084.0
-1795.0
-2368.0
-1246.0
-1651.0
-1336.0
-2353.0
-1365.0
-1139.0
-1790.0
-1528.0
-1138.0
-1093.0
-1219.0
-2008.0
-2263.0
-1219.0
-1227.0
-1653.0
-2289.0
-2085.0
-1963.0
-1989.0
-1747.0
-2222.0
-1477.0
-2394.0
-1663.0
-2394.0
-1488.0
-2224.0
-1443.0
-2280.0
-1553.0
-1149.0
-1261.0
-2082.0
-1954.0
-1156.0
-1337.0
-1791.0
-1184.0
-1622.0
-1760.0
-1308.0
-1316.0
-1419.0
-2114.0
-1190.0
-1899.0
-1592.0
-1815.0
-2106.0
-1430.0
-1195.0
-1326.0
-2926.0
-1915.0
-1363.0
-1147.0
-1917.0
-1267.0
-1277.0
-1173.0
-1428.0
-2447.0
-1361.0
-1184.0
-1790.0
-2424.0
-1829.0
-1788.0
-2046.0
-1965.0
-2354.0
-2215.0
-1686.0
-1867.0
-3101.0
-1603.0
-1791.0
-2266.0
-1619.0
-1299.0
-899.0
-1977.0
-1931.0
-2080.0
-1416.0
-1452.0
-1324.0
-1417.0
-2163.0
-3265.0
-1538.0
-1406.0
-2248.0
-1660.0
-1689.0
-1963.0
-1570.0
-4233.0
-2424.0
-1813.0
-1718.0
-1581.0
-2599.0
-1448.0
-1490.0
-1516.0
-1398.0
-1258.0
-1260.0
-1369.0
-2472.0
-2722.0
-1287.0
-1159.0
-2138.0
-2597.0
-1669.0
-1560.0
-1819.0
-2291.0
-1529.0
-1724.0
-2129.0
-1601.0
-3098.0
-1708.0
-2463.0
-2858.0
-1733.0
-1557.0
-1241.0
-1421.0
-1845.0
-1588.0
-1255.0
-1371.0
-1919.0
-1321.0
-1760.0
-2825.0
-1313.0
-1447.0
-1620.0
-1717.0
-1501.0
-2385.0
-1727.0
-1478.0
-2605.0
-2253.0
-1759.0
-1236.0
-3374.0
-1306.0
-1567.0
-1245.0
-2172.0
-1363.0
-1372.0
-1597.0
-1933.0
-2372.0
-1520.0
-1952.0
-1940.0
-1971.0
-2605.0
-1411.0
-1630.0
-2328.0
-1232.0
-1999.0
-1842.0
-1362.0
-1999.0
-1871.0
-2452.0
-2802.0
-1967.0
-1274.0
-1329.0
-1396.0
-2151.0
-1841.0
-1551.0
-1452.0
-1494.0
-1254.0
-2578.0
-1684.0
-1295.0
-1405.0
-1689.0
-1835.0
-1475.0
-2132.0
-1625.0
-1882.0
-1734.0
-1368.0
-1422.0
-1387.0
-2465.0
-1423.0
-1619.0
-1391.0
-2163.0
-1373.0
-1841.0
-1319.0
-1838.0
-2704.0
-1207.0
-1379.0
-2146.0
-2407.0
-2220.0
-1546.0
-2024.0
-2092.0
-1429.0
-1622.0
-1788.0
-1416.0
-1830.0
-2118.0
-2752.0
-2094.0
-1580.0
-1621.0
-1375.0
-1366.0
-1883.0
-1950.0
-1256.0
-1323.0
-1169.0
-1001.0
-1919.0
-1633.0
-1095.0
-1438.0
-1299.0
-1278.0
-1248.0
-1784.0
-2400.0
-1554.0
-1813.0
-1532.0
-1514.0
-1221.0
-2364.0
-1707.0
-2095.0
-1326.0
-1996.0
-1158.0
-1294.0
-1090.0
-1569.0
-2020.0
-1040.0
-1168.0
-1621.0
-3058.0
-1974.0
-1543.0
-1166.0
-2143.0
-1727.0
-1569.0
-1527.0
-1378.0
-2617.0
-1595.0
-2229.0
-2352.0
-1533.0
-1528.0
-1260.0
-1270.0
-2114.0
-1425.0
-1377.0
-1708.0
-1186.0
-1237.0
-1789.0
-1374.0
-1146.0
-1226.0
-1380.0
-1957.0
-1207.0
-1856.0
-1449.0
-1554.0
-2393.0
-1373.0
-1396.0
-1689.0
-2256.0
-1799.0
-1404.0
-1251.0
-2041.0
-1316.0
-1256.0
-1697.0
-2008.0
-3689.0
-961.0
-1096.0
-2415.0
-1991.0
-2120.0
-1456.0
-1512.0
-1742.0
-1328.0
-1651.0
-1853.0
-1395.0
-1923.0
-1780.0
-2114.0
-1961.0
-1846.0
-1346.0
-1209.0
-1169.0
-1720.0
-1601.0
-1521.0
-1251.0
-1226.0
-1182.0
-1959.0
-1591.0
-1387.0
-1208.0
-1248.0
-1548.0
-1227.0
-1891.0
-1545.0
-1764.0
-2606.0
-1459.0
-1536.0
-1495.0
-2501.0
-1372.0
-1376.0
-1911.0
-1730.0
-1387.0
-1443.0
-1386.0
-1449.0
-2227.0
-2055.0
-1205.0
-1553.0
-2134.0
-1867.0
-1297.0
-1653.0
-1930.0
-1270.0
-1703.0
-1365.0
-1251.0
-2143.0
-1541.0
-1859.0
-1613.0
-1403.0
-1289.0
-1071.0
-1420.0
-1720.0
-1563.0
-1431.0
-1523.0
-1115.0
-1180.0
-1558.0
-1900.0
-1146.0
-1116.0
-1385.0
-1725.0
-1187.0
-1425.0
-1293.0
-1652.0
-2623.0
-1437.0
-1224.0
-1537.0
-2818.0
-1226.0
-1508.0
-1224.0
-2494.0
-1243.0
-1179.0
-1757.0
-1623.0
-2456.0
-1344.0
-1094.0
-1526.0
-2063.0
-2264.0
-1352.0
-1461.0
-2317.0
-1204.0
-1906.0
-1570.0
-1242.0
-1887.0
-1292.0
-1980.0
-1825.0
-1891.0
-1332.0
-1084.0
-1090.0
-1539.0
-1834.0
-1268.0
-1408.0
-1620.0
-1214.0
-1550.0
-1419.0
-1353.0
-1182.0
-1544.0
-1789.0
-1127.0
-1519.0
-1863.0
-2846.0
-2213.0
-1226.0
-1874.0
-1541.0
-2709.0
-1372.0
-1346.0
-1396.0
-1649.0
-1458.0
-1257.0
-1293.0
-1525.0
-2272.0
-1333.0
-1117.0
-1590.0
-2167.0
-1850.0
-1235.0
-1345.0
-1635.0
-2057.0
-1414.0
-1824.0
-1285.0
-2101.0
-1709.0
-1796.0
-2174.0
-1662.0
-1468.0
-1168.0
-1202.0
-1517.0
-1602.0
-1241.0
-1429.0
-1395.0
-1081.0
-1873.0
-1610.0
-1354.0
-1366.0
-1431.0
-1457.0
-1253.0
-1559.0
-1807.0
-1381.0
-2507.0
-1214.0
-1380.0
-1610.0
-2296.0
-1299.0
-1349.0
-1571.0
-2153.0
-1165.0
-1428.0
-1271.0
-1417.0
-1997.0
-1244.0
-1192.0
-2178.0
-3380.0
-2235.0
-1602.0
-1127.0
-1760.0
-1358.0
-1878.0
-1728.0
-1320.0
-2313.0
-1714.0
-2660.0
-1421.0
-1580.0
-1361.0
-1420.0
-1242.0
-1552.0
-1756.0
-1399.0
-1288.0
-1142.0
-818.0
-1490.0
-1882.0
-1202.0
-1499.0
-1558.0
-1884.0
-1397.0
-1380.0
-1313.0
-2045.0
-2303.0
-1206.0
-1136.0
-2053.0
-2457.0
-1575.0
-1330.0
-1290.0
-1539.0
-1553.0
-1260.0
-1093.0
-1451.0
-1899.0
-1187.0
-1082.0
-1874.0
-2069.0
-1696.0
-1483.0
-1331.0
-2007.0
-1362.0
-1596.0
-1799.0
-1714.0
-1916.0
-1840.0
-2200.0
-1975.0
-1779.0
-1558.0
-1383.0
-1307.0
-1861.0
-1854.0
-1290.0
-1295.0
-1116.0
-1072.0
-1546.0
-1348.0
-1109.0
-1390.0
-1279.0
-2281.0
-1355.0
-1527.0
-1838.0
-1348.0
-2451.0
-1216.0
-1195.0
-1702.0
-2286.0
-1544.0
-1118.0
-1314.0
-1600.0
-1113.0
-1123.0
-1999.0
-1729.0
-2599.0
-1053.0
-1082.0
-1613.0
-1909.0
-2011.0
-1501.0
-1468.0
-2103.0
-1339.0
-1841.0
-1932.0
-1173.0
-1618.0
-2378.0
-2212.0
-2346.0
-1970.0
-1353.0
-1118.0
-1153.0
-1558.0
-1510.0
-1411.0
-1317.0
-1157.0
-1254.0
-1652.0
-1377.0
-1124.0
-1414.0
-1474.0
-1470.0
-1180.0
-1508.0
-1716.0
-1494.0
-2112.0
-1320.0
-1380.0
-1282.0
-2706.0
-1416.0
-1143.0
-1348.0
-1850.0
-1162.0
-1184.0
-1169.0
-1515.0
-1933.0
-1071.0
-1085.0
-1491.0
-2314.0
-2020.0
-1395.0
-1256.0
-1945.0
-1361.0
-2342.0
-1886.0
-1363.0
-1917.0
-1696.0
-1955.0
-1915.0
-1543.0
-1309.0
-1147.0
-1227.0
-1572.0
-1397.0
-1463.0
-1282.0
-1189.0
-1331.0
-1274.0
-1249.0
-1175.0
-1077.0
-1556.0
-1638.0
-1134.0
-1329.0
-1779.0
-1618.0
-2048.0
-1538.0
-1618.0
-1326.0
-3056.0
-1319.0
-1021.0
-1135.0
-1541.0
-1299.0
-1109.0
-1369.0
-1462.0
-1874.0
-1074.0
-1200.0
-1577.0
-2445.0
-1867.0
-1192.0
-1529.0
-2179.0
-1406.0
-1667.0
-1551.0
-1440.0
-1614.0
-1389.0
-2262.0
-1474.0
-1537.0
-1267.0
-1140.0
-1182.0
-1520.0
-1283.0
-1737.0
-1672.0
-1138.0
-1157.0
-1540.0
-1930.0
-1181.0
-1131.0
-1610.0
-1981.0
-1649.0
-1466.0
-1960.0
-1491.0
-1881.0
-1203.0
-1178.0
-1353.0
-2271.0
-1678.0
-1227.0
-1313.0
-1366.0
-1122.0
-1159.0
-877.0
-2047.0
-1988.0
-1351.0
-1692.0
-2107.0
-2596.0
-1970.0
-1408.0
-960.0
-1903.0
-1435.0
-1742.0
-1869.0
-1378.0
-2063.0
-1636.0
-1832.0
-1461.0
-2100.0
-1550.0
-1093.0
-1185.0
-1356.0
-1567.0
-1186.0
-1366.0
-1434.0
-1054.0
-1534.0
-1347.0
-1130.0
-1363.0
-1372.0
-1672.0
-1161.0
-1438.0
-2503.0
-1985.0
-2035.0
-1246.0
-1150.0
-1271.0
-3196.0
-1416.0
-1507.0
-1356.0
-2162.0
-1300.0
-1403.0
-1169.0
-2304.0
-1670.0
-1106.0
-1179.0
-1435.0
-1818.0
-1563.0
-1172.0
-1573.0
-1718.0
-1673.0
-1868.0
-1839.0
-1305.0
-1894.0
-1258.0
-1903.0
-2205.0
-1504.0
-1219.0
-1143.0
-1155.0
-1470.0
-1335.0
-1218.0
-1200.0
-1132.0
-1065.0
-1394.0
-2032.0
-1316.0
-1470.0
-1520.0
-1884.0
-1670.0
-1135.0
-1501.0
-1565.0
-2331.0
-1309.0
-1113.0
-1236.0
-2112.0
-1334.0
-1222.0
-1458.0
-1904.0
-1151.0
-1276.0
-1275.0
-2398.0
-2746.0
-1093.0
-1202.0
-1291.0
-1777.0
-1617.0
-1165.0
-1420.0
-1921.0
-1399.0
-1931.0
-1533.0
-1261.0
-2015.0
-1263.0
-1597.0
-1712.0
-1608.0
-1184.0
-1063.0
-1176.0
-1520.0
-1259.0
-1139.0
-1188.0
-1226.0
-1110.0
-1460.0
-1575.0
-1134.0
-1248.0
-1349.0
-1459.0
-1054.0
-1205.0
-1779.0
-1304.0
-1892.0
-1288.0
-1110.0
-1272.0
-2086.0
-1267.0
-1180.0
-1378.0
-1400.0
-1307.0
-2157.0
-1188.0
-1669.0
-2312.0
-1096.0
-1201.0
-1417.0
-1685.0
-1799.0
-1271.0
-1342.0
-2112.0
-1221.0
-1754.0
-1987.0
-1426.0
-1819.0
-2079.0
-2265.0
-1415.0
-1357.0
-1696.0
-1400.0
-1261.0
-1395.0
-1537.0
-1317.0
-1254.0
-1351.0
-1084.0
-2465.0
-1422.0
-1103.0
-1281.0
-1833.0
-1475.0
-1183.0
-1540.0
-1365.0
-1264.0
-1847.0
-1170.0
-1249.0
-1564.0
-2574.0
-1414.0
-1118.0
-1523.0
-1527.0
-1160.0
-1728.0
-1351.0
-2158.0
-1607.0
-1482.0
-1132.0
-1891.0
-1931.0
-1789.0
-1226.0
-1578.0
-2084.0
-1207.0
-1585.0
-1508.0
-1343.0
-1788.0
-1404.0
-2075.0
-1502.0
-1312.0
-1370.0
-1660.0
-1203.0
-1430.0
-1462.0
-1261.0
-1234.0
-1329.0
-624.0
-1565.0
-1639.0
-1560.0
-1379.0
-2122.0
-1834.0
-1401.0
-1284.0
-1697.0
-1453.0
-1821.0
-1251.0
-1138.0
-1161.0
-2430.0
-1313.0
-1272.0
-1608.0
-1427.0
-1107.0
-1216.0
-1046.0
-1550.0
-1702.0
-1213.0
-1370.0
-1538.0
-1887.0
-1678.0
-1447.0
-1547.0
-1874.0
-1242.0
-1425.0
-1582.0
-1277.0
-1717.0
-1208.0
-1817.0
-1492.0
-1303.0
-1304.0
-1126.0
-1100.0
-1625.0
-1565.0
-1277.0
-1206.0
-1223.0
-1046.0
-1454.0
-1808.0
-1089.0
-1081.0
-1533.0
-1264.0
-1254.0
-1688.0
-1475.0
-1532.0
-2022.0
-1431.0
-1312.0
-1359.0
-2921.0
-1288.0
-1498.0
-1336.0
-1664.0
-1216.0
-1087.0
-1151.0
-1500.0
-2638.0
-1150.0
-1372.0
-1762.0
-1796.0
-1702.0
-1204.0
-1382.0
-2005.0
-1374.0
-1417.0
-1411.0
-1425.0
-1697.0
-1585.0
-2074.0
-2018.0
-1354.0
-1270.0
-1078.0
-1089.0
-1675.0
-1648.0
-1313.0
-1199.0
-1260.0
-1102.0
-1520.0
-1521.0
-1119.0
-1151.0
-1768.0
-1257.0
-1087.0
-1513.0
-1604.0
-1665.0
-2042.0
-1281.0
-1289.0
-1472.0
-2043.0
-1467.0
-1089.0
-1274.0
-1666.0
-1225.0
-1198.0
-1182.0
-1556.0
-1567.0
-1116.0
-1102.0
-1309.0
-1704.0
-1756.0
-1429.0
-1510.0
-2015.0
-1274.0
-1407.0
-1795.0
-1294.0
-1491.0
-1356.0
-2073.0
-1338.0
-1471.0
-1224.0
-1077.0
-1107.0
-1490.0
-1377.0
-1370.0
-1274.0
-1154.0
-758.0
-1405.0
-1634.0
-1058.0
-1116.0
-1421.0
-1443.0
-1180.0
-1365.0
-1509.0
-1428.0
-1776.0
-1668.0
-1475.0
-1251.0
-2400.0
-1541.0
-1368.0
-1384.0
-1589.0
-1110.0
-1253.0
-1185.0
-1787.0
-2151.0
-1431.0
-1392.0
-1626.0
-1656.0
-2855.0
-1213.0
-2060.0
-1739.0
-1743.0
-1972.0
-1754.0
-1794.0
-2712.0
-1708.0
-2645.0
-1898.0
-1652.0
-1392.0
-1977.0
-1222.0
-1691.0
-1426.0
-1268.0
-1116.0
-1173.0
-1172.0
-1862.0
-1256.0
-1107.0
-1185.0
-1312.0
-1349.0
-1209.0
-1618.0
-1487.0
-1309.0
-1888.0
-1601.0
-1129.0
-1694.0
-2155.0
-1298.0
-1280.0
-1249.0
-1624.0
-1088.0
-1108.0
-1058.0
-1657.0
-2652.0
-1086.0
-1147.0
-1556.0
-1980.0
-1712.0
-1339.0
-1385.0
-1296.0
-1256.0
-1518.0
-1604.0
-1322.0
-1622.0
-1312.0
-1612.0
-1511.0
-1340.0
-1287.0
-1327.0
-1426.0
-1656.0
-1529.0
-1335.0
-1131.0
-1285.0
-1142.0
-1430.0
-1709.0
-1081.0
-1274.0
-1437.0
-1292.0
-1133.0
-1166.0
-1902.0
-1333.0
-1963.0
-1152.0
-1102.0
-1290.0
-2150.0
-1582.0
-1251.0
-1135.0
-1474.0
-1118.0
-1226.0
-730.0
-1559.0
-1852.0
-1130.0
-1124.0
-1554.0
-1957.0
-1736.0
-1155.0
-1341.0
-1383.0
-1258.0
-1456.0
-1637.0
-1250.0
-2033.0
-1460.0
-1879.0
-1864.0
-1654.0
-1554.0
-1244.0
-1442.0
-1715.0
-1492.0
-1458.0
-1185.0
-1333.0
-777.0
-1430.0
-1658.0
-1134.0
-1194.0
-1261.0
-1254.0
-1087.0
-1317.0
-1563.0
-1401.0
-1959.0
-1188.0
-1345.0
-1145.0
-1875.0
-1198.0
-1127.0
-1215.0
-1853.0
-1104.0
-1181.0
-1271.0
-1406.0
-1625.0
-623.0
-1363.0
-1567.0
-1525.0
-1708.0
-1372.0
-1542.0
-2554.0
-1279.0
-1567.0
-1945.0
-1234.0
-1601.0
-1404.0
-1754.0
-1472.0
-1359.0
-1819.0
-1185.0
-1097.0
-1490.0
-1324.0
-1287.0
-1181.0
-1239.0
-1225.0
-1439.0
-1445.0
-1113.0
-1257.0
-1359.0
-1449.0
-1201.0
-1625.0
-1888.0
-1342.0
-1837.0
-1176.0
-1785.0
-1262.0
-2373.0
-1067.0
-1215.0
-1479.0
-1385.0
-1095.0
-1242.0
-799.0
-1516.0
-1589.0
-883.0
-1210.0
-1601.0
-2300.0
-3081.0
-1971.0
-1493.0
-2382.0
-1904.0
-1947.0
-1984.0
-1264.0
-1982.0
-1473.0
-1949.0
-1767.0
-1464.0
-1318.0
-1250.0
-1163.0
-2442.0
-2191.0
-1318.0
-1419.0
-1319.0
-1161.0
-1472.0
-1403.0
-1176.0
-1205.0
-1267.0
-1584.0
-1120.0
-1968.0
-1751.0
-1403.0
-1979.0
-1370.0
-1120.0
-1325.0
-2605.0
-1158.0
-1007.0
-1364.0
-1642.0
-1232.0
-1070.0
-1276.0
-1255.0
-1931.0
-1216.0
-1129.0
-1410.0
-1857.0
-1619.0
-1154.0
-1495.0
-1595.0
-1403.0
-1451.0
-1438.0
-1283.0
-1980.0
-1296.0
-2083.0
-1658.0
-1344.0
-1380.0
-1075.0
-1165.0
-1734.0
-1314.0
-1524.0
-1188.0
-1192.0
-1057.0
-1522.0
-1737.0
-1077.0
-1264.0
-1390.0
-1385.0
-1086.0
-1626.0
-1380.0
-1324.0
-1745.0
-1373.0
-1069.0
-1160.0
-2506.0
-1226.0
-1158.0
-1171.0
-1432.0
-1197.0
-1051.0
-1104.0
-1683.0
-2154.0
-929.0
-1068.0
-1436.0
-1699.0
-1814.0
-1930.0
-1997.0
-1463.0
-1375.0
-1588.0
-1574.0
-1412.0
-1907.0
-1387.0
-1950.0
-1584.0
-1917.0
-1673.0
-1064.0
-1124.0
-1309.0
-1532.0
-1204.0
-1134.0
-1409.0
-830.0
-1602.0
-1528.0
-609.0
-689.0
-1651.0
-1413.0
-1300.0
-1426.0
-1223.0
-1316.0
-2232.0
-1365.0
-1135.0
-1415.0
-2559.0
-1464.0
-1145.0
-1263.0
-1395.0
-1233.0
-1158.0
-1123.0
-1501.0
-1870.0
-1275.0
-1231.0
-2161.0
-1973.0
-1991.0
-1931.0
-1438.0
-1470.0
-1431.0
-1484.0
-1593.0
-1139.0
-1681.0
-1427.0
-2098.0
-1349.0
-1348.0
-1327.0
-1084.0
-1140.0
-1397.0
-1306.0
-1198.0
-1161.0
-1193.0
-1217.0
-1447.0
-1217.0
-1210.0
-1343.0
-1251.0
-1753.0
-1224.0
-1673.0
-2029.0
-1378.0
-2366.0
-1179.0
-1133.0
-1278.0
-2209.0
-1177.0
-867.0
-1144.0
-1529.0
-1209.0
-1052.0
-1241.0
-1580.0
-1783.0
-1153.0
-724.0
-1998.0
-1634.0
-2111.0
-1169.0
-1441.0
-1945.0
-1319.0
-1537.0
-1395.0
-1386.0
-1834.0
-1396.0
-1836.0
-1541.0
-1428.0
-1250.0
-1149.0
-1098.0
-1480.0
-1570.0
-1260.0
-1133.0
-1110.0
-1112.0
-1503.0
-1470.0
-1408.0
-1318.0
-1972.0
-1487.0
-1196.0
-1229.0
-1435.0
-2370.0
-2178.0
-1242.0
-1264.0
-1331.0
-1991.0
-1332.0
-1175.0
-1337.0
-1690.0
-1178.0
-1120.0
-1089.0
-1376.0
-1649.0
-1067.0
-1091.0
-1437.0
-1616.0
-1928.0
-1099.0
-1300.0
-2108.0
-1398.0
-1852.0
-1818.0
-1707.0
-1954.0
-1854.0
-1709.0
-1646.0
-1698.0
-1190.0
-1118.0
-1138.0
-1291.0
-1267.0
-1220.0
-1557.0
-1266.0
-752.0
-1639.0
-1430.0
-1187.0
-1171.0
-1491.0
-1537.0
-1130.0
-1267.0
-1413.0
-1267.0
-2155.0
-1247.0
-1289.0
-1379.0
-2753.0
-1613.0
-1086.0
-1425.0
-1792.0
-1803.0
-1263.0
-1180.0
-1572.0
-2035.0
-1456.0
-1103.0
-1524.0
-1563.0
-1994.0
-1187.0
-1184.0
-1361.0
-1483.0
-1885.0
-1606.0
-1204.0
-1615.0
-1728.0
-1684.0
-1468.0
-1924.0
-1526.0
-1189.0
-1146.0
-1586.0
-1435.0
-1143.0
-1297.0
-1359.0
-1029.0
-1448.0
-1246.0
-1282.0
-1208.0
-1681.0
-1540.0
-1096.0
-1187.0
-1250.0
-1475.0
-1669.0
-1214.0
-1135.0
-1472.0
-2072.0
-1231.0
-1069.0
-1089.0
-1484.0
-1404.0
-1249.0
-1381.0
-1666.0
-1578.0
-1079.0
-1106.0
-1490.0
-1583.0
-1774.0
-1130.0
-1504.0
-1627.0
-1422.0
-1447.0
-1819.0
-1166.0
-2225.0
-1378.0
-2412.0
-1612.0
-1382.0
-1396.0
-1190.0
-1117.0
-1750.0
-1441.0
-1193.0
-1121.0
-1201.0
-666.0
-1698.0
-1314.0
-1113.0
-1090.0
-1305.0
-1284.0
-1340.0
-1246.0
-1694.0
-1568.0
-1954.0
-1792.0
-1143.0
-1578.0
-2849.0
-1160.0
-1091.0
-1409.0
-1913.0
-1105.0
-1099.0
-1195.0
-1706.0
-1911.0
-1190.0
-1056.0
-1471.0
-1614.0
-2253.0
-1303.0
-1324.0
-1897.0
-1183.0
-1769.0
-1587.0
-1228.0
-1909.0
-2175.0
-2105.0
-1804.0
-1560.0
-1262.0
-1378.0
-1262.0
-1534.0
-1572.0
-1339.0
-1335.0
-1218.0
-1053.0
-1471.0
-1547.0
-1445.0
-1079.0
-1302.0
-1383.0
-1377.0
-1565.0
-1279.0
-1488.0
-2758.0
-1370.0
-1215.0
-1582.0
-2129.0
-1286.0
-1286.0
-1295.0
-1506.0
-1168.0
-1070.0
-1212.0
-1419.0
-2029.0
-1363.0
-726.0
-1512.0
-1637.0
-1718.0
-1339.0
-1352.0
-1387.0
-1423.0
-1613.0
-1383.0
-1235.0
-2278.0
-1624.0
-2083.0
-1770.0
-1642.0
-1259.0
-1535.0
-1111.0
-1260.0
-1629.0
-1298.0
-1219.0
-1066.0
-1343.0
-1723.0
-1377.0
-739.0
-1198.0
-1200.0
-1456.0
-1097.0
-1403.0
-1394.0
-1366.0
-1975.0
-1181.0
-745.0
-1245.0
-2756.0
-1574.0
-1104.0
-1453.0
-1462.0
-1142.0
-1330.0
-1109.0
-1525.0
-2401.0
-881.0
-1229.0
-1396.0
-1777.0
-1918.0
-1107.0
-1185.0
-1992.0
-1542.0
-1448.0
-1559.0
-1358.0
-1824.0
-1638.0
-2060.0
-2256.0
-1325.0
-1381.0
-2157.0
-1105.0
-2029.0
-1954.0
-1505.0
-1177.0
-1361.0
-790.0
-1643.0
-1954.0
-1188.0
-1190.0
-1544.0
-1650.0
-1223.0
-1344.0
-1438.0
-2244.0
-2060.0
-1266.0
-1179.0
-1243.0
-2412.0
-1763.0
-1322.0
-1157.0
-1598.0
-1434.0
-1150.0
-1072.0
-1705.0
-2163.0
-1129.0
-1808.0
-1701.0
-1904.0
-1671.0
-1119.0
-1283.0
-2438.0
-1347.0
-1558.0
-1502.0
-1196.0
-1920.0
-1396.0
-1976.0
-2020.0
-1554.0
-1317.0
-1444.0
-1951.0
-2063.0
-1992.0
-1223.0
-1229.0
-1266.0
-998.0
-1624.0
-1700.0
-1239.0
-1237.0
-1552.0
-1392.0
-1086.0
-1330.0
-1581.0
-1308.0
-1736.0
-1222.0
-1344.0
-1198.0
-2341.0
-1262.0
-670.0
-1585.0
-1468.0
-1163.0
-1207.0
-1023.0
-1610.0
-1663.0
-1088.0
-1114.0
-1451.0
-1762.0
-2035.0
-1259.0
-1475.0
-1657.0
-1512.0
-1198.0
-1300.0
-1389.0
-1588.0
-1281.0
-1837.0
-2056.0
-1345.0
-1335.0
-1100.0
-1109.0
-1347.0
-1265.0
-1438.0
-1204.0
-1114.0
-1097.0
-1790.0
-1315.0
-1193.0
-1241.0
-1655.0
-1342.0
-1026.0
-2163.0
-1471.0
-1575.0
-1990.0
-1448.0
-1172.0
-1294.0
-2592.0
-1371.0
-1293.0
-1198.0
-1749.0
-1205.0
-1111.0
-1169.0
-1539.0
-1684.0
-1097.0
-1144.0
-1437.0
-1537.0
-1702.0
-1343.0
-1379.0
-1608.0
-1136.0
-1280.0
-1728.0
-1195.0
-1743.0
-1497.0
-1749.0
-1459.0
-1526.0
-1361.0
-791.0
-1158.0
-1405.0
-1456.0
-1221.0
-1174.0
-1223.0
-1168.0
-3152.0
-1322.0
-1111.0
-1081.0
-1359.0
-1276.0
-1132.0
-1153.0
-1432.0
-1793.0
-1703.0
-1171.0
-1212.0
-1320.0
-2493.0
-1642.0
-1208.0
-1116.0
-1487.0
-1226.0
-1370.0
-1070.0
-1517.0
-1606.0
-1132.0
-1137.0
-1608.0
-1582.0
-2034.0
-1277.0
-1155.0
-1405.0
-1255.0
-2045.0
-1584.0
-1128.0
-1698.0
-1268.0
-1876.0
-1503.0
-1601.0
-1216.0
-1106.0
-1102.0
-1594.0
-1567.0
-1227.0
-1131.0
-1440.0
-1120.0
-1563.0
-1509.0
-1230.0
-1240.0
-1282.0
-1352.0
-1073.0
-1881.0
-1271.0
-1329.0
-2234.0
-1165.0
-1290.0
-1402.0
-1781.0
-1182.0
-1171.0
-1245.0
-1310.0
-1094.0
-1062.0
-1147.0
-1574.0
-1642.0
-1134.0
-1116.0
-1633.0
-2205.0
-1715.0
-2064.0
-1221.0
-1912.0
-1426.0
-1501.0
-1785.0
-1371.0
-1652.0
-1456.0
-1846.0
-1442.0
-1381.0
-1514.0
-1097.0
-1129.0
-1415.0
-1389.0
-1261.0
-1116.0
-1145.0
-1222.0
-1628.0
-1507.0
-1120.0
-1162.0
-1346.0
-1209.0
-1103.0
-1402.0
-1366.0
-1409.0
-1921.0
-1171.0
-1091.0
-1247.0
-2166.0
-1279.0
-924.0
-1353.0
-1560.0
-1125.0
-1103.0
-1310.0
-1439.0
-1360.0
-1207.0
-1105.0
-1490.0
-2038.0
-1544.0
-1339.0
-1518.0
-1597.0
-1224.0
-1663.0
-1412.0
-1181.0
-1583.0
-1378.0
-2009.0
-1544.0
-1310.0
-1212.0
-1128.0
-1319.0
-1390.0
-1480.0
-1143.0
-1277.0
-1240.0
-1329.0
-1375.0
-1737.0
-1149.0
-1482.0
-1799.0
-1419.0
-1804.0
-1324.0
-1265.0
-1259.0
-1603.0
-1273.0
-1094.0
-1193.0
-2831.0
-1199.0
-1086.0
-1005.0
-1579.0
-1157.0
-1263.0
-1267.0
-1614.0
-1871.0
-1067.0
-1178.0
-1590.0
-2640.0
-1579.0
-1250.0
-1731.0
-1915.0
-1155.0
-1971.0
-2080.0
-1204.0
-2274.0
-1556.0
-1835.0
-1448.0
-1747.0
-1556.0
-1338.0
-1741.0
-1404.0
-1536.0
-1251.0
-1279.0
-1178.0
-1095.0
-1416.0
-1439.0
-1281.0
-1104.0
-1527.0
-1347.0
-1387.0
-1409.0
-1494.0
-1451.0
-1699.0
-1166.0
-1076.0
-1217.0
-2051.0
-1333.0
-1100.0
-1326.0
-1533.0
-1227.0
-1135.0
-1078.0
-1316.0
-2332.0
-1088.0
-1096.0
-1396.0
-1571.0
-1918.0
-1860.0
-1298.0
-1949.0
-1552.0
-2340.0
-1494.0
-1551.0
-2553.0
-1324.0
-2128.0
-1810.0
-1394.0
-1434.0
-1171.0
-1146.0
-1237.0
-1575.0
-1151.0
-1381.0
-1083.0
-606.0
-1663.0
-1530.0
-1196.0
-797.0
-1195.0
-1647.0
-1715.0
-1864.0
-1486.0
-1378.0
-2121.0
-1352.0
-1594.0
-1710.0
-2486.0
-1264.0
-1127.0
-1237.0
-1306.0
-1266.0
-1067.0
-1326.0
-1656.0
-1498.0
-856.0
-1121.0
-1338.0
-1912.0
-1549.0
-1513.0
-1260.0
-1673.0
-1189.0
-1406.0
-1734.0
-1176.0
-2138.0
-1222.0
-1779.0
-1243.0
-1431.0
-1276.0
-1117.0
-1126.0
-1548.0
-1295.0
-1190.0
-1114.0
-1203.0
-665.0
-1789.0
-1333.0
-1127.0
-1182.0
-1269.0
-1745.0
-1491.0
-1339.0
-1425.0
-1355.0
-2039.0
-1163.0
-1105.0
-1223.0
-2127.0
-1351.0
-1097.0
-1292.0
-1308.0
-1150.0
-1143.0
-1000.0
-1694.0
-1669.0
-1134.0
-1080.0
-1486.0
-1888.0
-2098.0
-1160.0
-1262.0
-1605.0
-1337.0
-1450.0
-1631.0
-1271.0
-1689.0
-1866.0
-1927.0
-1570.0
-1542.0
-1206.0
-1503.0
-1200.0
-1210.0
-1519.0
-1179.0
-1234.0
-1170.0
-1181.0
-1515.0
-1515.0
-1121.0
-1239.0
-1278.0
-1443.0
-1091.0
-1356.0
-1428.0
-1293.0
-1581.0
-1163.0
-1116.0
-1403.0
-2311.0
-1357.0
-1357.0
-1250.0
-1681.0
-1147.0
-1114.0
-1129.0
-1379.0
-1826.0
-1128.0
-1263.0
-1363.0
-1506.0
-1838.0
-1268.0
-1219.0
-1339.0
-1186.0
-1563.0
-1640.0
-1174.0
-2019.0
-1377.0
-2062.0
-1929.0
-1301.0
-1395.0
-1056.0
-1114.0
-1765.0
-1311.0
-1886.0
-1223.0
-1360.0
-1050.0
-1585.0
-1288.0
-1034.0
-1094.0
-1308.0
-1917.0
-1083.0
-1477.0
-1539.0
-1332.0
-1544.0
-1131.0
-1119.0
-1146.0
-2073.0
-1255.0
-1047.0
-1107.0
-1230.0
-1106.0
-1072.0
-1352.0
-1465.0
-1372.0
-710.0
-1060.0
-1301.0
-1720.0
-1808.0
-1558.0
-1266.0
-1429.0
-1339.0
-1479.0
-1410.0
-1291.0
-1754.0
-1349.0
-2370.0
-2176.0
-1520.0
-1201.0
-1054.0
-1181.0
-2035.0
-1282.0
-1160.0
-1185.0
-894.0
-888.0
-1437.0
-1360.0
-1051.0
-1076.0
-1230.0
-1357.0
-1074.0
-2193.0
-1292.0
-1373.0
-1862.0
-1326.0
-1424.0
-1624.0
-2282.0
-1336.0
-1371.0
-1326.0
-1319.0
-1081.0
-1091.0
-1232.0
-1580.0
-1496.0
-1336.0
-1084.0
-1320.0
-1618.0
-2185.0
-1186.0
-1605.0
-2151.0
-1779.0
-1735.0
-1316.0
-1551.0
-1853.0
-1527.0
-1729.0
-1537.0
-1551.0
-1289.0
-1310.0
-1105.0
-1631.0
-1569.0
-1199.0
-1305.0
-1734.0
-1134.0
-1634.0
-1832.0
-2026.0
-1131.0
-1265.0
-1335.0
-1566.0
-1528.0
-1350.0
-1714.0
-1638.0
-1591.0
-1154.0
-1443.0
-1755.0
-1213.0
-1069.0
-1301.0
-1775.0
-1187.0
-1300.0
-1125.0
-1719.0
-1310.0
-1046.0
-1096.0
-1683.0
-1568.0
-2490.0
-1644.0
-1262.0
-1287.0
-1471.0
-1627.0
-1454.0
-1137.0
-1979.0
-1293.0
-1721.0
-1419.0
-1301.0
-1233.0
-1128.0
-1129.0
-1306.0
-1492.0
-1143.0
-1165.0
-1220.0
-753.0
-1646.0
-1364.0
-1079.0
-1121.0
-1373.0
-1394.0
-1136.0
-1264.0
-1478.0
-1464.0
-1693.0
-1308.0
-681.0
-1155.0
-2271.0
-1263.0
-1149.0
-1236.0
-1455.0
-1166.0
-1087.0
-1107.0
-1422.0
-1750.0
-1096.0
-1110.0
-1438.0
-2351.0
-1658.0
-1174.0
-1498.0
-1347.0
-1350.0
-1525.0
-1503.0
-1381.0
-1842.0
-1289.0
-2212.0
-1451.0
-1896.0
-1209.0
-1092.0
-1309.0
-1300.0
-1622.0
-1168.0
-1239.0
-1216.0
-1232.0
-1595.0
-1212.0
-1175.0
-1704.0
-1595.0
-1175.0
-1223.0
-1587.0
-1651.0
-1165.0
-1959.0
-1268.0
-1186.0
-1110.0
-2664.0
-1490.0
-1223.0
-1620.0
-1342.0
-1080.0
-1338.0
-1116.0
-1461.0
-1414.0
-1121.0
-1041.0
-1510.0
-1609.0
-1854.0
-1292.0
-1245.0
-1841.0
-1196.0
-1362.0
-1656.0
-1250.0
-1576.0
-1355.0
-1893.0
-2081.0
-1564.0
-1321.0
-1071.0
-1110.0
-1495.0
-1342.0
-1317.0
-1194.0
-1173.0
-1074.0
-1430.0
-1829.0
-713.0
-1098.0
-1489.0
-1406.0
-1133.0
-1286.0
-1638.0
-1415.0
-1781.0
-1231.0
-1049.0
-1105.0
-1785.0
-1285.0
-1073.0
-1138.0
-1453.0
-710.0
-1537.0
-1048.0
-1435.0
-1804.0
-1044.0
-1086.0
-1412.0
-1485.0
-1673.0
-1102.0
-1278.0
-1218.0
-1273.0
-1335.0
-1530.0
-1397.0
-1999.0
-1277.0
-2096.0
-1413.0
-1565.0
-1271.0
-1166.0
-1055.0
-1405.0
-1548.0
-1271.0
-1193.0
-1067.0
-726.0
-1439.0
-1404.0
-1351.0
-2102.0
-1452.0
-1354.0
-1137.0
-1544.0
-1415.0
-1563.0
-2223.0
-1230.0
-1106.0
-1143.0
-2235.0
-1118.0
-1114.0
-1906.0
-1315.0
-1131.0
-1043.0
-1721.0
-1418.0
-2150.0
-1067.0
-1111.0
-1325.0
-1970.0
-1568.0
-1836.0
-1654.0
-1712.0
-1214.0
-1342.0
-2027.0
-1208.0
-1838.0
-1462.0
-1790.0
-1552.0
-1343.0
-1330.0
-1066.0
-1207.0
-1528.0
-1545.0
-1293.0
-1266.0
-1117.0
-1065.0
-1662.0
-1300.0
-1143.0
-1288.0
-1172.0
-1295.0
-1137.0
-1500.0
-1758.0
-1242.0
-1804.0
-1134.0
-1751.0
-1392.0
-2023.0
-1569.0
-1194.0
-1260.0
-1459.0
-1121.0
-1152.0
-1072.0
-1354.0
-1336.0
-932.0
-1151.0
-1474.0
-1507.0
-2185.0
-1260.0
-1235.0
-1859.0
-1496.0
-1630.0
-1717.0
-1443.0
-1576.0
-1387.0
-2031.0
-1601.0
-1685.0
-1125.0
-1330.0
-1214.0
-1208.0
-1525.0
-1274.0
-1220.0
-1201.0
-1056.0
-1326.0
-1379.0
-1359.0
-1116.0
-1299.0
-1202.0
-1069.0
-1446.0
-1656.0
-1354.0
-1763.0
-1099.0
-1085.0
-1305.0
-2189.0
-1200.0
-1063.0
-1130.0
-1319.0
-891.0
-1058.0
-1080.0
-1336.0
-1668.0
-1056.0
-1109.0
-1551.0
-1482.0
-1891.0
-1129.0
-1184.0
-1317.0
-1260.0
-1662.0
-1462.0
-1169.0
-1651.0
-1255.0
-2031.0
-1277.0
-1275.0
-1375.0
-941.0
-1085.0
-1334.0
-1736.0
-1190.0
-1145.0
-1172.0
-1087.0
-1802.0
-1558.0
-1174.0
-1108.0
-1271.0
-1506.0
-1211.0
-1149.0
-1351.0
-1652.0
-1585.0
-1177.0
-1161.0
-1201.0
-2302.0
-1200.0
-1155.0
-1830.0
-1300.0
-1075.0
-1111.0
-1520.0
-1396.0
-1767.0
-1080.0
-1217.0
-1347.0
-1520.0
-1656.0
-1161.0
-1187.0
-2018.0
-1287.0
-1329.0
-1389.0
-1368.0
-1758.0
-1563.0
-2223.0
-1242.0
-1574.0
-1161.0
-1395.0
-1111.0
-1263.0
-1462.0
-1207.0
-1104.0
-1149.0
-1367.0
-1333.0
-1598.0
-1053.0
-1125.0
-1343.0
-1342.0
-1144.0
-1328.0
-1674.0
-1552.0
-1731.0
-1340.0
-1363.0
-1240.0
-2963.0
-1162.0
-1152.0
-1243.0
-1400.0
-1075.0
-1137.0
-1084.0
-1390.0
-1549.0
-877.0
-661.0
-1425.0
-1564.0
-1783.0
-1182.0
-1221.0
-1455.0
-1392.0
-1637.0
-1400.0
-1245.0
-1686.0
-1308.0
-2363.0
-1593.0
-1575.0
-1270.0
-802.0
-1087.0
-1225.0
-1398.0
-1490.0
-1241.0
-1294.0
-1299.0
-1869.0
-1849.0
-1270.0
-1013.0
-1683.0
-1264.0
-1139.0
-1664.0
-1675.0
-1646.0
-1821.0
-1234.0
-1260.0
-1221.0
-2608.0
-1220.0
-1107.0
-1265.0
-1238.0
-1192.0
-1102.0
-1201.0
-1318.0
-1317.0
-878.0
-1073.0
-1492.0
-1545.0
-1625.0
-1318.0
-1313.0
-1419.0
-1254.0
-1495.0
-1537.0
-1140.0
-1965.0
-1233.0
-1716.0
-1820.0
-1397.0
-1287.0
-1340.0
-1263.0
-1389.0
-1507.0
-1154.0
-1179.0
-1142.0
-1208.0
-1566.0
-1517.0
-1064.0
-1056.0
-1345.0
-1369.0
-1085.0
-1700.0
-1507.0
-1361.0
-1818.0
-1110.0
-1315.0
-1137.0
-2365.0
-1167.0
-1155.0
-1121.0
-1402.0
-1515.0
-1073.0
-1170.0
-1411.0
-1466.0
-1075.0
-1089.0
-1409.0
-1845.0
-1738.0
-1217.0
-1247.0
-1749.0
-1374.0
-1502.0
-1446.0
-1337.0
-1554.0
-1465.0
-2008.0
-1684.0
-1320.0
-1237.0
-1102.0
-1069.0
-1842.0
-1363.0
-1215.0
-1147.0
-1475.0
-1165.0
-1400.0
-1256.0
-1076.0
-1238.0
-1351.0
-1275.0
-1118.0
-1212.0
-1275.0
-1196.0
-2216.0
-2164.0
-1175.0
-1301.0
-1868.0
-1078.0
-1069.0
-1222.0
-1280.0
-1233.0
-1070.0
-1117.0
-1465.0
-1532.0
-1209.0
-1493.0
-1365.0
-1593.0
-1783.0
-1134.0
-1253.0
-2047.0
-1518.0
-1590.0
-1390.0
-1283.0
-1681.0
-1295.0
-2022.0
-1435.0
-1335.0
-1133.0
-1142.0
-1210.0
-1208.0
-1302.0
-1328.0
-1296.0
-1534.0
-1170.0
-1575.0
-1610.0
-1110.0
-1071.0
-1363.0
-1326.0
-1113.0
-1229.0
-1353.0
-1373.0
-1746.0
-1386.0
-1135.0
-1240.0
-1877.0
-1202.0
-1065.0
-1180.0
-1368.0
-1163.0
-1102.0
-1214.0
-1396.0
-1647.0
-1078.0
-1157.0
-1341.0
-1684.0
-1643.0
-1091.0
-1408.0
-2553.0
-1269.0
-1464.0
-1416.0
-1270.0
-1589.0
-1534.0
-1879.0
-1703.0
-1432.0
-1279.0
-1078.0
-967.0
-1352.0
-1467.0
-1439.0
-1502.0
-1195.0
-1111.0
-2120.0
-1251.0
-1112.0
-1204.0
-1173.0
-1559.0
-1521.0
-1729.0
-1321.0
-2279.0
-2190.0
-1529.0
-923.0
-1419.0
-2455.0
-1824.0
-1128.0
-1303.0
-1888.0
-1483.0
-1133.0
-1360.0
-1550.0
-1771.0
-1158.0
-1126.0
-1529.0
-2250.0
-1769.0
-1219.0
-1404.0
-1835.0
-1328.0
-1826.0
-1563.0
-1222.0
-2128.0
-1591.0
-2152.0
-1370.0
-1685.0
-1690.0
-1258.0
-1343.0
-1467.0
-1588.0
-1177.0
-1185.0
-1340.0
-985.0
-1465.0
-1541.0
-1200.0
-1109.0
-1322.0
-1187.0
-1185.0
-1460.0
-1317.0
-1813.0
-1591.0
-1222.0
-1109.0
-1243.0
-2058.0
-1240.0
-1385.0
-1220.0
-1307.0
-1102.0
-1175.0
-1224.0
-1382.0
-1472.0
-1284.0
-1039.0
-1463.0
-2032.0
-1638.0
-1168.0
-1250.0
-1526.0
-1397.0
-1238.0
-1462.0
-1292.0
-1687.0
-1337.0
-1836.0
-1544.0
-1292.0
-1372.0
-1140.0
-1116.0
-1155.0
-1386.0
-1331.0
-1200.0
-1139.0
-898.0
-1474.0
-1512.0
-1016.0
-1055.0
-1400.0
-1204.0
-1153.0
-1253.0
-1594.0
-1303.0
-1842.0
-1521.0
-1151.0
-1173.0
-1904.0
-1141.0
-1189.0
-1482.0
-1255.0
-1258.0
-1080.0
-1092.0
-1280.0
-1505.0
-1066.0
-1095.0
-1588.0
-1622.0
-1883.0
-1392.0
-1279.0
-1641.0
-1345.0
-1470.0
-1609.0
-1240.0
-2185.0
-1382.0
-2064.0
-1461.0
-1320.0
-1242.0
-919.0
-1121.0
-1232.0
-1220.0
-1130.0
-1242.0
-1200.0
-1747.0
-1359.0
-1625.0
-1207.0
-1184.0
-1185.0
-1504.0
-1182.0
-1167.0
-1379.0
-1478.0
-1681.0
-1307.0
-1128.0
-1230.0
-1948.0
-1219.0
-1141.0
-1395.0
-1449.0
-1129.0
-1130.0
-888.0
-1494.0
-1397.0
-1114.0
-1290.0
-1449.0
-1984.0
-1834.0
-1173.0
-1365.0
-2505.0
-1423.0
-1354.0
-1523.0
-1514.0
-1812.0
-1441.0
-2123.0
-1447.0
-1606.0
-1377.0
-1137.0
-1177.0
-1529.0
-1455.0
-1210.0
-1232.0
-1199.0
-1027.0
-1379.0
-1726.0
-1212.0
-1458.0
-1196.0
-1789.0
-1067.0
-1325.0
-1284.0
-1424.0
-1653.0
-1170.0
-1218.0
-1296.0
-2706.0
-1170.0
-1120.0
-1224.0
-1268.0
-1378.0
-1048.0
-1078.0
-1457.0
-1519.0
-804.0
-1126.0
-1641.0
-1802.0
-1551.0
-1226.0
-1394.0
-3136.0
-1157.0
-1193.0
-1396.0
-1221.0
-1618.0
-1370.0
-1655.0
-1490.0
-1285.0
-1343.0
-1122.0
-1104.0
-1328.0
-1458.0
-1239.0
-1098.0
-1219.0
-1107.0
-1516.0
-1341.0
-1104.0
-1159.0
-1216.0
-1180.0
-1227.0
-1495.0
