-1479.6999999999998
-10609.8
-20709.1
-9988.099999999999
-9852.699999999997
-11731.2
-11493.0
-11105.600000000002
-4656.999999999998
-2747.000000000001
-9966.399999999994
-6520.2
-6168.5
-5585.100000000002
-3864.8
-14536.8
-1195.0000000000002
-3559.999999999999
-9572.3
-13673.4
-11373.599999999999
-10390.500000000004
-12571.100000000004
-10641.700000000003
-4403.199999999999
-8472.0
-10458.600000000002
-5055.1
-8985.100000000002
-6409.700000000002
-8230.900000000001
-7663.400000000001
-7783.099999999998
-8897.399999999998
-4129.0
-3545.3
-10700.4
-4115.3
-5925.3
-7548.5999999999985
-3085.000000000001
-1354.9
-3453.6000000000004
-6377.999999999995
-952.400000000001
-3248.7
-3403.699999999999
-3869.7000000000007
-4612.5
-4881.2
-4655.400000000001
-3947.2
-7702.600000000004
-3459.7999999999997
-3911.9000000000005
-4964.5
-2862.4000000000005
-5382.8
-4100.2
-5710.300000000001
-5542.8
-6914.9000000000015
-3243.4
-2308.5
-6159.600000000001
-3146.2000000000007
-2149.0999999999985
-3700.2000000000007
-1599.0
-9283.300000000005
-7422.299999999998
485.60000000000036
-2096.100000000002
-5776.7999999999965
-589.6000000000003
-1590.1000000000015
-7589.699999999999
-3765.3000000000006
-4060.8999999999996
-3635.3
-3547.9000000000005
-873.8999999999999
-4507.3
-6012.999999999999
-547.9999999999993
1950.7000000000003
-5578.000000000001
-458.6999999999998
837.7999999999998
-2248.0
470.7999999999997
1197.7000000000003
-431.2000000000014
-1765.6999999999987
-3430.0000000000005
1022.1999999999998
-2905.0999999999995
-1024.1
-37.6999999999999
-6086.8
2301.9
-6843.799999999998
-7225.3
2305.5
2387.7999999999997
-802.7000000000006
-712.7999999999996
-285.6
-2681.6999999999994
-335.5999999999988
-1036.7999999999997
-1250.000000000001
-856.6
1811.999999999999
-2568.5000000000005
695.9
-4805.499999999999
-145.29999999999973
1026.3000000000002
-1727.4
-3232.9
-216.49999999999974
1569.3999999999999
-1576.5000000000005
-3052.2999999999997
-681.5999999999996
-397.0000000000001
-1842.0
-9663.800000000001
-1311.1
-2849.600000000001
-393.4000000000001
-10456.199999999999
2291.2999999999997
78.400000000001
4301.199999999999
-526.6000000000003
1322.300000000002
-200.3999999999977
658.3999999999996
1878.5999999999983
1353.8999999999994
2525.8999999999974
-6361.2
1885.8999999999983
2658.7
1634.700000000001
2584.499999999999
-178.10000000000068
-5757.8
51.499999999999744
-833.2000000000005
-5830.700000000001
2791.0
1713.599999999999
1272.999999999999
538.0000000000017
-945.2999999999998
536.2000000000005
450.2999999999996
-134.40000000000026
2404.600000000003
4046.2999999999997
2191.6000000000013
-4111.5
624.0
2971.7999999999993
884.9000000000012
423.50000000000074
1813.7999999999997
-915.7999999999987
1560.899999999996
-2241.3
1468.8999999999985
3853.5
-394.8000000000011
-1336.6999999999996
177.19999999999987
-2018.2999999999997
385.20000000000016
1096.9000000000012
-1285.0000000000005
-2126.6
1496.000000000001
-54.09999999999991
370.39999999999986
2924.4999999999995
531.7999999999998
188.799999999999
1445.4999999999998
-1229.7000000000014
4028.800000000002
-590.6000000000001
688.8000000000014
863.9999999999995
1116.1
-1338.6999999999996
600.0999999999997
511.000000000001
-2442.899999999999
-2121.2
439.3999999999999
-3200.2999999999993
-95.59999999999958
526.2000000000005
775.9999999999997
-2200.3999999999996
1956.4
-60.70000000000029
-1836.2999999999988
-1860.8999999999999
2397.4000000000024
2274.599999999999
-959.499999999999
-994.7000000000004
-744.5999999999997
1570.6999999999998
1708.8000000000006
3845.2000000000007
-860.2000000000012
1604.2999999999997
3275.800000000001
-402.5999999999991
-436.80000000000047
1391.1000000000004
542.4000000000002
57.49999999999946
703.3999999999979
687.9000000000007
1921.9
-4045.100000000001
-1253.2000000000007
1191.100000000001
3543.1999999999994
1158.1999999999998
518.2999999999989
-48.69999999999946
1524.2000000000003
1487.900000000002
-903.300000000001
927.8999999999991
2810.3999999999987
1939.9999999999995
869.5999999999983
2230.399999999998
2115.500000000001
-2357.7999999999997
2120.1
2518.5999999999985
-1008.2
1794.6000000000004
1235.999999999999
2678.499999999999
2503.3999999999996
2803.4000000000005
3979.399999999998
108.49999999999795
1019.8000000000011
1217.4000000000008
1720.7000000000016
2093.6
2756.5
851.5999999999972
1929.4000000000017
-1648.8999999999996
2925.400000000001
3871.199999999999
2795.0999999999985
2142.7999999999993
1403.5000000000014
1996.8999999999992
3404.400000000001
3874.2999999999975
3886.9000000000015
-134.00000000000023
3143.300000000003
1229.3
2171.500000000003
1904.1999999999998
3870.100000000003
830.3000000000018
1660.2999999999995
3086.6000000000035
3380.3000000000015
5184.099999999999
3857.4999999999995
4685.500000000001
753.7000000000008
5090.4000000000015
5035.299999999999
3165.8000000000015
3965.8000000000056
3228.7999999999997
183.8999999999991
5612.2
3140.1000000000017
3052.0000000000027
4736.700000000001
2180.500000000001
4389.399999999999
825.4000000000002
4205.1
2641.0000000000005
3177.8
3013.1999999999985
1302.8000000000004
-1088.5000000000002
2901.6
3656.7999999999975
2978.7
2090.000000000001
1532.699999999997
4552.599999999999
5158.799999999997
2357.4
97.40000000000009
3488.000000000001
2439.3
4097.9
2760.9000000000005
466.2000000000003
4018.4000000000005
5265.799999999998
4059.7
2647.2999999999984
2553.3999999999937
3327.6000000000004
4173.600000000003
2167.6999999999994
4036.3
3330.7999999999997
328.6000000000001
1293.799999999997
3753.1000000000035
5050.999999999999
6053.900000000001
3701.0
4658.1
2861.700000000004
5053.400000000002
2130.099999999999
5282.7999999999965
901.0000000000006
4990.7
4859.2
4529.100000000001
1541.400000000002
3.799999999997368
5337.6
2569.400000000001
5410.100000000001
5180.999999999996
3967.0999999999985
3605.0999999999995
6783.7
5852.699999999999
3912.0000000000036
3945.9999999999964
4900.4
5617.399999999998
1795.6000000000008
4548.299999999997
4502.599999999998
2980.6000000000017
3789.7
4046.0999999999995
7149.3
5695.499999999999
3665.0000000000005
3182.1999999999985
3720.0999999999967
4409.699999999995
5297.800000000003
4320.500000000004
2920.9000000000046
3526.7999999999997
4754.899999999999
4356.899999999998
4616.3
3106.1
5009.400000000002
1810.8
-134.80000000000106
6024.0
4694.399999999998
2743.400000000001
3053.9000000000015
2130.5000000000014
5811.800000000001
4433.199999999998
4403.899999999999
6774.000000000004
3127.0999999999995
4695.199999999999
3424.5999999999995
3085.000000000001
-639.3999999999992
4967.399999999999
3238.5999999999995
3596.0999999999967
3673.399999999997
3861.5999999999976
4052.499999999999
4815.4
5189.299999999998
6527.299999999999
3991.8999999999987
3627.9000000000015
5836.600000000001
2791.8999999999983
5476.400000000001
2695.1000000000004
3570.1000000000004
5682.299999999998
3470.5999999999995
3945.4
3823.6000000000013
6090.0999999999985
2304.2000000000003
5529.499999999999
2713.0999999999976
3642.3000000000006
4798.099999999999
2770.5999999999985
4347.500000000001
4007.9000000000015
4298.0999999999985
4850.599999999997
3672.9000000000055
5976.800000000001
4332.6
4601.7
5853.999999999998
5783.2
6207.700000000002
4950.099999999999
6509.299999999997
4452.6
3730.800000000002
2663.8000000000015
5215.300000000002
6972.5
3784.899999999998
5489.399999999999
6946.600000000001
6665.4000000000015
5169.300000000002
3887.2999999999997
2676.100000000001
4806.000000000001
2603.699999999998
4448.099999999998
6137.0
6439.900000000001
4664.900000000002
5347.300000000005
2820.3
5988.599999999997
5257.4000000000015
4598.8
3534.500000000001
2912.000000000004
5630.099999999999
6002.5
4404.200000000002
5115.700000000001
5325.000000000002
7076.6
5386.5999999999985
3529.1999999999994
4449.800000000001
5918.0999999999985
4633.600000000002
3247.8000000000034
3763.7000000000016
3792.799999999999
4428.900000000001
3926.899999999999
3819.8000000000056
4208.4
4400.599999999998
4055.099999999998
2302.500000000002
5305.199999999997
6721.7
5726.800000000002
4297.8
5978.2
6176.4
6716.599999999999
3560.799999999999
6260.199999999996
4269.500000000003
6105.800000000001
5315.000000000001
7343.6
2716.2999999999975
4756.799999999998
6604.1
5607.899999999997
4168.399999999998
3872.3999999999987
3135.1
4728.999999999999
7046.800000000001
5958.3
2762.1999999999994
3595.399999999999
7310.6
3818.7
6349.8
3963.7000000000007
6262.800000000003
3587.899999999998
4618.2
4731.9
7152.400000000001
5714.300000000002
5576.500000000004
4139.500000000001
2853.5
5618.500000000004
7122.099999999999
4652.6
4833.299999999998
2210.2999999999993
5525.099999999999
3821.8999999999974
2708.8000000000015
6819.000000000001
3949.9999999999973
5190.099999999999
5708.199999999998
6339.999999999999
6237.000000000005
5037.100000000002
5554.999999999998
4576.700000000001
5063.200000000005
4778.600000000004
3649.2999999999997
5589.7
3629.1999999999957
7028.299999999998
5811.000000000003
1614.7000000000023
5429.1
5495.499999999999
6428.099999999999
3944.0999999999904
5495.8
5685.700000000002
4699.599999999998
6761.0999999999985
6014.199999999994
4388.3
4450.000000000002
4833.1
7455.799999999999
5737.699999999998
6752.6
6297.9000000000015
6590.399999999999
5904.7999999999965
4848.3
5860.900000000002
5473.200000000001
6550.000000000001
4336.800000000003
4492.500000000001
4685.400000000001
6190.100000000002
5821.000000000002
4726.200000000003
4085.0999999999995
5002.400000000003
5591.4
6113.300000000005
3621.900000000001
6663.500000000004
4295.999999999997
3621.300000000001
4885.699999999997
5788.8
6316.099999999998
5844.1
5840.799999999999
4327.000000000002
4888.200000000002
6709.9
4868.4000000000015
6394.7
5123.100000000002
5307.899999999999
5542.400000000006
5081.499999999999
4332.000000000002
6675.299999999999
6752.999999999995
5505.9000000000015
6859.599999999996
5774.4
5200.899999999998
6598.9000000000015
5730.9000000000015
6068.599999999997
5910.200000000001
5176.599999999998
6362.399999999999
6358.100000000001
5869.400000000002
7192.0
5787.000000000008
6083.4999999999945
6794.899999999999
5333.5
7681.0
6481.299999999998
6504.999999999998
4660.200000000003
4388.1
6971.0
6423.5
6193.599999999998
6111.799999999996
5764.0
5260.499999999997
6473.500000000002
5327.499999999996
6055.299999999997
5113.900000000002
4620.299999999999
3983.500000000001
7025.8
5860.499999999997
5498.200000000003
6860.0
4754.2
7302.9
6236.499999999998
6839.000000000003
7571.900000000001
5369.800000000004
4498.300000000002
6716.600000000003
6876.499999999999
5885.7
5999.699999999997
5486.499999999998
5864.7
5759.1
5655.799999999997
2478.5999999999995
6208.999999999998
6722.900000000001
5547.899999999999
6945.600000000002
4904.000000000006
7262.599999999999
5496.4000000000015
6021.500000000004
7315.5
5901.200000000003
6462.5
5012.999999999998
2978.699999999998
7032.1
7258.499999999999
5805.900000000002
4537.600000000003
3917.000000000001
4616.699999999998
5734.099999999997
6445.399999999995
5755.4000000000015
5638.899999999996
4892.3
7175.899999999998
5726.799999999997
6986.899999999998
5477.900000000002
5913.100000000002
6616.599999999999
7205.799999999997
5618.799999999999
7429.1
6440.500000000003
5180.599999999999
6037.200000000006
6980.7
6369.500000000003
7113.700000000001
5055.400000000001
5950.599999999999
7135.4
7438.799999999999
5869.299999999999
4269.400000000008
7463.900000000001
5498.999999999994
5636.599999999998
6061.5
5745.199999999997
6249.900000000001
7075.500000000001
6170.6
6322.9
6690.400000000001
7334.199999999997
5459.100000000004
6180.399999999997
7122.900000000001
6586.099999999998
6080.500000000001
6204.399999999999
5019.599999999999
6982.6
7539.099999999999
4671.499999999998
6234.500000000002
4864.899999999994
6971.600000000002
6563.9000000000015
4064.5000000000027
6195.2999999999965
6485.800000000002
5428.3
6392.599999999999
6746.599999999999
6722.799999999999
6169.700000000001
5854.900000000001
5324.199999999998
7429.400000000001
7111.799999999999
7129.599999999999
6512.100000000003
6625.4
7125.899999999999
7017.599999999999
7337.100000000001
7683.8
5448.0
6491.4
5767.399999999997
7622.8
6150.699999999997
2987.299999999997
6085.0
6179.2
4621.999999999997
3671.8999999999974
2565.6999999999957
3784.9999999999964
7210.800000000002
5402.100000000001
4248.199999999999
3575.8999999999937
4525.399999999995
5197.699999999994
6429.5999999999985
6023.199999999995
3950.199999999997
3727.000000000001
3349.2999999999956
4775.099999999996
7536.599999999999
5919.599999999998
5602.4000000000015
6912.5999999999985
4784.599999999999
6820.299999999999
7024.900000000003
4845.700000000003
6111.0
4573.099999999999
6471.499999999991
6725.1
4212.100000000001
6811.099999999999
4001.799999999993
4948.799999999998
5060.8
6769.300000000002
7023.9
7214.299999999999
6491.5999999999985
6626.499999999998
7218.699999999998
6327.6
6142.699999999998
7402.600000000002
6350.700000000004
4255.2
7521.800000000001
7580.299999999999
6101.500000000004
7222.999999999998
7181.700000000004
7381.199999999999
5023.000000000006
5769.900000000004
5047.5999999999985
6983.500000000004
7371.200000000002
6395.800000000003
6115.500000000003
7041.2
7603.400000000001
7087.600000000002
7323.699999999999
7615.7
6883.000000000003
6582.200000000002
6265.400000000001
4775.600000000002
5037.9000000000015
7619.8
6164.499999999998
6526.800000000002
6375.499999999998
7512.299999999997
6611.900000000001
6987.3
6817.900000000001
6428.6
6770.800000000003
7493.300000000001
3228.599999999997
6776.299999999999
6073.599999999999
5988.400000000002
7349.800000000001
6285.700000000002
7378.8
7024.899999999999
5761.800000000002
6911.5
6782.800000000002
7335.099999999998
6276.900000000004
7328.0
6055.000000000002
7257.800000000001
7573.800000000002
7154.6
7236.799999999997
6865.3
7017.699999999995
6293.999999999998
7199.400000000001
7378.499999999998
5798.799999999997
7120.7
7203.499999999998
6762.100000000003
6408.2
6874.600000000002
6764.699999999997
6966.3
6040.399999999997
7408.5
7207.899999999997
7570.4
6329.6
5664.600000000002
7390.7
7193.799999999998
5421.899999999999
6401.4
7002.699999999998
6977.1
6172.2
6286.500000000001
6763.1
7160.800000000001
6757.4000000000015
7149.099999999998
6940.299999999999
5587.200000000001
3724.3000000000025
6475.299999999998
6874.4000000000015
7149.099999999999
7258.699999999999
6913.800000000001
6751.600000000002
6062.500000000003
7434.000000000001
6946.6
7178.899999999999
7666.2
6523.7
5689.299999999996
7336.6
7279.8
6644.500000000003
7177.700000000001
7587.400000000001
6423.299999999999
6833.500000000001
6462.899999999999
6723.4
7241.5
7114.099999999997
7408.199999999999
6095.399999999997
6237.9
6952.000000000001
7246.000000000002
4963.000000000001
6631.600000000003
6912.000000000001
6750.100000000001
6008.200000000002
5045.1
6821.800000000001
7584.700000000001
6078.100000000004
4902.700000000003
6022.199999999998
7527.299999999998
6079.600000000004
6418.000000000002
6777.499999999998
6718.600000000001
7281.699999999996
7325.999999999999
5105.500000000002
7098.799999999997
6004.699999999999
6903.399999999998
7211.599999999999
6592.299999999996
7372.1
6312.100000000002
5578.7
7065.000000000001
4517.499999999999
7026.3
4979.999999999995
7482.5999999999985
5774.0999999999985
6398.099999999998
6648.599999999998
7018.299999999997
6621.9
6212.599999999994
7299.999999999999
6897.8
6790.799999999999
7228.7
6095.5
6891.099999999999
6455.199999999997
6992.700000000001
6656.8
6741.600000000001
7460.0
7451.200000000001
5346.999999999999
7156.499999999999
5073.900000000007
7491.199999999998
6314.599999999999
6758.999999999999
7672.8
7578.599999999999
6583.599999999999
7203.9000000000015
5238.800000000001
6621.1
5658.000000000004
6163.799999999999
7095.099999999998
6715.099999999998
6250.899999999999
7050.9000000000015
6631.900000000001
7046.600000000001
6141.5
7355.8
3664.6999999999994
7394.9
7456.000000000002
7649.799999999999
3703.7000000000044
5780.200000000003
7267.600000000001
7360.599999999999
7205.900000000001
7575.800000000001
6326.800000000003
5357.199999999999
7601.4
7077.4000000000015
5673.299999999998
5865.800000000002
7525.7
7246.099999999999
5141.000000000002
4567.199999999998
5262.5
7046.399999999999
7485.599999999999
7168.400000000002
6098.099999999999
5613.300000000001
7453.599999999999
7213.800000000002
5939.299999999999
7558.800000000001
6915.6
7178.6
6309.199999999999
6367.600000000001
7493.100000000001
7614.0
6770.2
7113.099999999999
5141.800000000002
7126.299999999998
7095.400000000001
6051.899999999995
6435.9
6433.199999999998
5635.1
7182.199999999997
6542.7
7049.899999999999
4836.900000000002
950.4999999999986
7091.800000000002
6971.599999999997
7019.499999999999
7490.8
7014.5999999999985
7247.099999999999
7499.800000000001
6398.299999999997
7396.399999999999
7643.400000000001
7064.200000000006
6322.700000000003
7646.099999999999
6283.200000000002
6691.199999999996
6916.000000000002
7687.0
6786.5
7267.899999999999
5551.999999999999
4344.000000000001
7038.299999999998
7232.500000000002
7562.599999999999
6046.999999999999
6875.700000000001
6752.400000000001
7612.100000000001
6634.6
7270.7
7604.0
7568.5
6619.300000000005
6651.7
7558.4
7637.200000000002
6616.5999999999985
7052.9000000000015
6331.199999999998
7591.8
7326.499999999999
6512.000000000001
7140.4
7101.299999999998
5993.7999999999965
7496.4
6227.000000000002
6423.799999999998
5806.199999999999
6878.900000000001
6910.5999999999985
7086.999999999999
7556.800000000003
6645.2
7491.499999999999
7024.1
7596.7
7221.299999999998
6877.699999999999
7647.2
7100.700000000003
6900.3
7503.4
6588.5999999999985
7283.799999999998
7131.199999999999
7257.200000000002
7442.600000000002
6871.299999999999
5196.199999999999
5979.4
6990.8
7549.200000000003
6272.700000000003
6636.100000000001
6443.6
7651.999999999998
7577.0
6389.999999999999
6405.299999999999
5749.400000000003
7169.399999999999
5571.200000000003
5862.900000000002
7519.4
6988.299999999996
5984.0
6322.8
6250.699999999999
7093.700000000001
6691.300000000001
6110.799999999999
6474.3
6906.900000000001
5728.7
6523.3
6014.500000000001
6702.4
5990.099999999997
5760.0
6615.500000000002
6833.899999999999
6897.899999999996
6782.0
6131.800000000004
6691.500000000004
7335.9
7509.699999999999
7240.099999999999
7588.4
6447.299999999996
5970.2999999999965
6784.800000000001
4151.500000000005
6445.999999999998
6799.899999999999
7543.100000000002
6322.700000000002
4166.600000000001
7018.4
3650.1000000000013
6511.7
7375.3
7101.900000000001
3114.8999999999983
7013.499999999999
7179.799999999999
7221.899999999999
6873.000000000001
7585.800000000001
7393.199999999999
7579.000000000001
6774.799999999999
6037.200000000001
7316.000000000001
7135.200000000002
6082.1
6671.199999999996
6743.5
7132.999999999999
7425.999999999999
7573.3
7485.300000000001
7014.500000000002
5809.900000000001
7436.5999999999985
7031.8
7015.100000000001
6526.9
6237.300000000001
7388.100000000002
6379.5
7411.899999999999
6446.399999999998
5865.900000000005
5660.799999999995
7471.8
7080.200000000002
7186.299999999999
6790.200000000001
6962.0
7169.900000000002
6693.099999999999
7677.0
6602.599999999995
6664.5999999999985
6947.499999999999
6711.600000000002
6562.400000000003
5309.599999999997
6377.2
6748.5999999999985
7569.1
5637.699999999995
6819.000000000001
5398.200000000001
6962.099999999997
7161.4000000000015
7213.6
7432.499999999997
7687.6
7566.599999999999
4591.100000000006
5241.299999999999
6668.800000000003
6823.300000000001
4587.099999999996
5707.7
4432.7999999999965
5106.600000000004
4807.999999999997
5120.600000000002
5742.100000000002
6677.0
5691.8
6552.200000000001
5766.099999999999
6031.099999999999
5037.1
5285.500000000003
5971.5999999999985
6011.000000000001
7405.0
6685.999999999999
5946.5
7487.200000000001
7417.300000000001
4840.09999999999
7613.799999999999
7633.0
6611.499999999998
6669.2000000000035
6815.899999999999
6497.800000000006
5520.700000000001
7395.6
6553.899999999999
5838.9
5312.099999999999
5048.6
5211.899999999999
4002.400000000001
7632.8
5921.600000000002
6576.4
6128.399999999999
6547.300000000001
7228.999999999999
6903.600000000003
6714.399999999996
6668.6
7630.200000000001
6919.799999999999
4505.8
7438.6
7370.5
5388.200000000001
7013.7
6724.199999999999
7494.5
5834.300000000001
6268.999999999999
6910.9
6835.400000000001
6965.299999999999
6462.799999999998
5745.1
6266.8
5812.600000000002
6646.999999999998
6217.700000000002
7564.5
7554.0
7307.0
6692.7
6713.0999999999985
6966.8
6866.099999999999
7513.2
7676.400000000001
6296.1
6418.8
7115.8
7357.8
6438.100000000001
6991.899999999999
6594.099999999999
6998.6
6369.6
5314.200000000002
3939.099999999999
6741.500000000003
6283.199999999999
6088.7
5321.799999999997
6211.9000000000015
7536.900000000001
7214.800000000001
7141.7
7489.599999999999
7097.399999999998
6905.599999999999
6647.4
6249.499999999999
7458.999999999999
7698.2
6682.099999999999
6911.399999999999
6389.299999999999
7035.400000000001
6735.400000000001
7124.000000000002
7315.8
7322.6
7222.400000000001
7484.099999999999
5837.699999999998
7569.799999999998
6174.500000000002
6113.099999999998
7116.4
7582.799999999999
7351.800000000001
6554.000000000001
7133.0
5812.9000000000015
7381.199999999998
5915.700000000001
7595.599999999998
7602.299999999999
7256.2
6782.5999999999985
6423.4000000000015
7083.4000000000015
7436.499999999999
6656.799999999999
7011.799999999999
7309.1
7266.899999999999
6710.600000000001
5408.799999999999
7021.500000000001
6475.9
7240.7
6241.699999999998
7148.5
7003.700000000002
7408.799999999997
6101.2
7418.499999999999
7039.799999999999
6749.9000000000015
6490.5
6663.200000000001
7076.899999999998
6564.300000000003
7179.5999999999985
5712.600000000002
5631.000000000004
6756.200000000001
6071.2
6881.4
6356.200000000001
7451.5999999999985
6913.000000000001
7296.799999999999
6168.699999999999
7420.9000000000015
6075.400000000001
6684.400000000001
7338.9
7278.400000000001
7326.999999999997
7682.8
6464.2
5875.500000000001
6848.699999999997
6700.2
7318.8
7672.799999999999
5863.5
7298.8
7465.000000000002
7601.799999999999
6809.500000000003
6934.3
7176.9
7085.5
7088.899999999997
6841.700000000001
6845.599999999999
7247.0999999999985
7696.599999999999
7040.3
6309.999999999997
7470.200000000002
7661.4
7251.6
6502.500000000005
7485.100000000001
7409.9
7007.5
6535.200000000003
6522.000000000004
7651.200000000002
5897.9000000000015
5412.300000000002
5800.500000000003
3944.3000000000006
4768.3
6377.799999999998
6037.300000000001
5867.900000000002
5375.300000000004
5614.399999999998
6120.099999999999
6122.2
7160.800000000001
4227.5
6673.400000000002
5424.500000000007
6218.199999999996
5622.899999999998
7639.599999999998
5337.699999999998
4965.799999999997
5330.000000000005
7676.0
6514.799999999997
7534.200000000001
5679.099999999998
4295.5
6000.000000000003
5379.300000000001
7413.699999999999
6726.400000000002
7470.8
6092.8
4576.3
6642.000000000001
3792.499999999997
6994.199999999999
7569.6
6356.799999999996
5456.899999999999
5726.500000000003
6262.400000000001
7139.699999999999
6067.700000000002
7596.000000000001
7592.100000000001
7621.400000000001
6275.600000000001
7035.799999999999
7679.8
7678.599999999999
6894.099999999997
6765.6
5913.5999999999985
7479.300000000002
7114.5999999999985
7273.099999999999
7112.699999999999
7547.700000000001
7153.999999999998
7382.599999999999
6567.0999999999985
7655.8
5920.4
7415.9
6616.100000000001
7287.1
7259.3
7286.8
7108.299999999999
7426.4
7445.999999999999
7430.4
7607.799999999999
7406.299999999998
6653.599999999998
7336.099999999998
7120.799999999999
7254.799999999999
7590.599999999999
6596.600000000004
7595.9
7384.4
7360.499999999999
7047.899999999999
6579.400000000001
6558.599999999998
6779.499999999996
7060.200000000002
6722.600000000001
6515.4000000000015
7537.4
7225.299999999999
6982.000000000001
7675.599999999999
7343.400000000003
7671.8
7120.7
6470.5999999999985
7468.899999999999
7306.600000000001
6979.900000000001
6874.0
6248.399999999999
7471.200000000001
7568.2
7128.200000000002
7315.100000000001
7086.800000000001
7440.6
7445.099999999999
6267.599999999997
6974.6
6631.500000000001
6565.099999999999
6823.199999999997
7560.6
7663.0
7518.199999999996
6382.7
7188.900000000002
7349.6
7679.200000000001
7618.599999999999
7660.9
6382.800000000001
6831.400000000001
7367.200000000002
5232.1
7295.799999999999
7051.700000000002
7430.0
6977.999999999999
6889.400000000001
3960.2000000000053
6595.800000000002
6679.700000000001
7527.200000000002
7394.400000000001
6402.799999999999
7511.2
7625.6
7226.899999999998
7039.900000000002
7468.099999999999
7297.000000000002
7435.499999999999
6552.199999999998
7140.300000000001
7304.9
7152.2
7102.799999999998
6849.5
6087.4
7388.3
7422.999999999999
7262.099999999999
7373.499999999999
7419.8
6710.399999999999
7292.099999999999
6933.100000000001
7549.400000000001
6948.299999999999
7443.1
7260.6
7266.8
7535.400000000001
7266.099999999999
7517.8
7400.900000000001
7437.599999999999
6762.900000000001
7516.0
7635.2
7129.000000000001
7184.599999999999
7682.8
7576.599999999999
6872.800000000001
7250.599999999997
7682.6
7007.599999999999
7600.1
7356.299999999999
6885.600000000001
7413.699999999999
7616.700000000001
7323.499999999999
6667.300000000001
7086.5999999999985
7682.999999999999
7335.900000000001
7575.700000000001
7487.5
7285.499999999998
7667.6
7115.000000000001
6298.300000000001
7371.299999999999
7638.999999999999
5752.200000000004
6115.9
6510.0999999999985
7274.400000000001
6975.2999999999965
7178.300000000001
7086.199999999998
6431.1
7166.900000000001
7168.400000000001
4527.9000000000015
7498.0
4576.400000000001
5281.100000000006
6874.9
6698.5999999999985
6125.2999999999965
7675.2
6738.1
7055.7
6863.699999999997
6202.899999999998
7396.8
7580.6
6455.6
6891.400000000001
7027.500000000001
7647.6
7157.9000000000015
7361.599999999999
7084.199999999998
7450.2
7235.0
7159.500000000001
5338.000000000001
7308.700000000002
7259.799999999999
7015.6
6396.3
6786.6
7073.0
7635.6
7426.8
7066.2
7329.700000000001
6400.499999999999
6798.8
6497.9
7685.200000000001
7553.6
6405.9000000000015
6705.599999999999
6326.700000000001
7053.499999999999
7292.200000000001
7004.799999999999
7111.000000000001
7219.6
6548.4
7296.099999999999
6487.5999999999985
7230.7
6671.799999999999
6425.599999999999
7167.1
6710.499999999997
7581.5999999999985
7160.400000000001
7075.9
6932.5
7353.800000000001
6348.0999999999985
7186.1
7669.000000000001
6272.200000000001
6450.399999999998
7532.1
7010.7999999999965
7313.100000000003
7329.7
7157.3
7068.300000000001
5768.600000000007
5068.0000000000055
5960.600000000001
7073.200000000001
5283.000000000001
7580.7
6545.5
6996.5
7521.1
7535.6
7581.299999999999
7504.6
7258.200000000001
6832.799999999999
5994.200000000001
6498.799999999999
7642.799999999999
7538.0
6503.3
6125.200000000001
6686.499999999999
7457.100000000001
7152.299999999999
6638.999999999998
6787.8
7330.699999999999
6189.4000000000015
7538.200000000001
5356.000000000002
7304.899999999999
6364.7
6888.9
7303.299999999999
7216.3
7546.700000000003
7483.8
7656.7
7287.2
7388.5
7649.4
7534.7
7491.700000000001
6962.9
7356.4
7653.4
7279.299999999999
7181.499999999999
7152.199999999998
7407.0
7357.9
7064.2999999999965
7084.100000000001
5936.200000000001
7076.0
7386.400000000001
6692.699999999999
6488.099999999999
6995.9000000000015
7481.0999999999985
7359.300000000002
4001.299999999999
6687.500000000001
6949.599999999999
7669.0
5779.399999999998
5114.999999999998
7233.200000000003
7681.6
7050.900000000002
5751.400000000005
6817.699999999999
6902.399999999999
6738.600000000002
6161.299999999998
7153.799999999997
1758.7000000000032
5852.799999999999
7172.199999999997
3915.200000000003
6282.599999999999
5653.1
5324.8
5289.499999999999
6620.999999999996
6755.300000000002
6738.399999999998
6355.399999999997
6227.899999999999
7180.799999999999
7489.699999999999
6495.999999999998
6811.099999999995
7317.199999999999
7612.499999999999
6869.400000000002
6698.8
6994.0
6616.500000000001
7436.300000000003
6301.4
5844.199999999996
7258.099999999999
7557.4
6873.4000000000015
7652.200000000001
4880.600000000003
6839.4000000000015
6953.5999999999985
6966.199999999998
7622.000000000001
7502.299999999999
7470.599999999999
7500.700000000003
7339.800000000001
6964.9
6962.100000000001
7663.0
7520.800000000001
6562.2
7365.199999999999
6884.899999999999
7555.400000000001
7297.3
7342.1
7302.699999999999
7512.2
6584.800000000002
6937.199999999999
6820.700000000001
7151.499999999999
6135.499999999999
6226.299999999999
7095.499999999999
6986.799999999997
7594.800000000001
7633.200000000001
5238.399999999996
7263.699999999999
7001.8
7125.999999999999
6021.799999999999
7689.4
6853.499999999999
7077.800000000002
7468.599999999999
7670.2
6136.599999999997
6807.800000000002
7457.200000000001
7365.200000000001
7417.400000000001
6996.300000000003
5321.199999999999
7291.899999999999
7099.899999999999
6884.3
6906.800000000001
7289.399999999998
6772.199999999994
7394.7
7176.9
7688.799999999999
6779.899999999998
7167.0999999999985
6985.5
5229.0
7634.0
6980.7000000000035
6602.400000000001
7292.0
6691.799999999999
6573.199999999999
6684.7
7099.299999999997
6908.999999999999
7139.8
7145.5
7346.3
6573.600000000002
7372.499999999998
6169.399999999996
6484.9000000000015
7490.900000000001
6773.899999999999
7668.399999999999
7480.999999999998
7031.6
7110.799999999998
7255.8
7430.800000000001
7290.799999999999
7650.6
6838.699999999998
6586.5
7622.999999999999
7611.9
7105.3
7391.599999999999
7567.599999999999
7040.899999999997
6895.300000000001
6270.500000000001
6465.0999999999985
6812.300000000001
7527.200000000002
7146.300000000001
6916.0999999999985
7222.3
7582.0
7310.8
7253.800000000002
7503.199999999998
7520.4
7428.6
6697.9
6893.399999999999
7612.9
7682.400000000001
6311.799999999998
7022.5
7010.299999999999
6982.499999999999
7149.199999999999
6537.899999999994
7059.500000000002
7343.1
6822.2
6576.2
6426.699999999999
7264.799999999997
6199.499999999999
7013.599999999999
7020.400000000001
7504.8
7658.2
7522.000000000001
7381.199999999999
7080.800000000001
7212.599999999999
7373.300000000001
7338.8
7678.0
6559.500000000003
7307.700000000002
7581.800000000001
7625.400000000001
7178.800000000003
6698.9
7399.799999999999
6885.300000000001
6622.699999999993
7487.200000000001
7017.500000000001
7336.599999999999
7424.8
7032.199999999999
6866.000000000001
6943.5999999999985
7599.6
6540.599999999999
7564.5
7619.7
6276.399999999997
7411.0
6834.600000000002
6903.799999999997
7687.600000000001
7584.400000000001
7130.000000000002
6574.300000000001
6265.500000000002
7313.099999999999
6509.200000000004
6939.799999999998
4690.899999999999
5424.800000000002
5448.199999999999
4880.7999999999965
5846.299999999999
7225.100000000001
6324.399999999999
6302.5999999999985
6545.6
7409.0
7443.099999999999
7564.5
6974.600000000002
7516.6
7251.699999999999
7515.9000000000015
7570.800000000002
7612.599999999999
6855.899999999999
6519.799999999999
7668.400000000002
7029.399999999996
7022.099999999999
7071.799999999999
7545.2
7221.9
7331.7
6924.7
7119.999999999999
6831.900000000004
7563.4
7243.1
6249.0999999999985
6809.100000000003
7651.2
7404.4
7189.399999999999
7537.999999999999
7249.2
7576.800000000003
6749.8
7326.5
7694.6
7548.799999999999
7086.299999999998
7072.0
6756.2
7424.499999999999
6564.0
6717.999999999998
7417.5999999999985
6402.300000000001
6401.100000000001
6955.400000000002
7431.0
7586.699999999999
6274.6
6190.0
7107.500000000001
7466.799999999999
7409.9
7661.799999999999
7339.400000000001
7255.700000000002
7105.599999999999
7205.100000000001
7160.399999999999
7407.400000000001
7169.599999999999
6645.699999999998
7449.9000000000015
7621.0
7339.9000000000015
7098.600000000001
7615.6
7126.3
7527.000000000001
7158.700000000003
5659.000000000001
7407.399999999999
7622.600000000001
7585.4
6460.400000000005
7457.400000000001
7500.6
7282.999999999998
7442.500000000003
7488.799999999999
7660.8
7557.400000000002
7379.199999999998
3624.7000000000016
7689.2
7685.799999999999
6992.2
6659.0999999999985
5500.699999999998
7482.5
5525.300000000002
5895.999999999996
5402.900000000004
4284.9
5968.799999999997
5093.200000000003
3295.5
6204.2
5542.000000000005
4013.6999999999925
4801.5000000000055
6394.100000000001
7631.200000000001
6504.000000000005
7652.599999999999
5612.700000000003
3903.6000000000004
4380.999999999997
5313.000000000002
6498.599999999999
4774.000000000004
6121.9
7660.400000000001
7689.2
7272.0
4214.799999999998
5353.799999999998
5261.800000000002
5028.400000000002
7234.800000000002
4911.800000000007
7635.6
5746.799999999998
7617.000000000001
5211.499999999997
6068.800000000002
7674.599999999999
5661.400000000006
7684.799999999999
3159.600000000001
7663.4
6638.199999999997
6935.9000000000015
4651.299999999999
7700.0
5400.200000000005
5957.399999999996
5303.500000000001
4658.499999999998
6807.800000000002
5940.5
6124.600000000002
6407.999999999997
6803.699999999999
5562.7
5441.999999999996
4644.299999999998
7566.399999999999
6438.899999999999
5379.600000000005
7211.3
7369.0
7451.600000000004
7656.399999999999
7029.399999999997
5558.499999999998
4915.799999999999
6938.8
7565.200000000002
7175.000000000001
7235.099999999999
7039.500000000002
7673.000000000001
7647.999999999999
7306.6
7123.000000000001
7553.4
7252.900000000001
7150.699999999999
7113.200000000001
6812.600000000003
7204.599999999999
7361.999999999997
6979.400000000001
7248.799999999998
7329.799999999999
7412.0
6905.500000000003
7219.299999999999
7400.200000000002
7592.399999999999
6318.399999999998
6198.0
5512.600000000001
7616.8
7685.8
7014.5
6959.4000000000015
7128.299999999999
7615.4
7586.199999999999
7189.699999999998
7506.7
7595.299999999999
6313.599999999998
7632.000000000001
7132.5999999999985
6838.399999999999
6030.199999999995
6781.1
7266.9000000000015
6768.400000000002
7686.200000000001
7611.5999999999985
6600.699999999999
7332.199999999998
7472.0
7243.399999999998
7552.899999999999
7579.0
7202.8
6879.3
7685.8
7609.799999999999
6147.099999999998
7093.499999999999
7541.999999999999
7490.500000000002
7356.499999999999
7060.900000000001
6484.5999999999985
7265.200000000001
6965.699999999998
7408.999999999999
7065.200000000001
7497.2
7513.8
5346.300000000001
6203.899999999997
5459.600000000001
7617.999999999999
7590.000000000001
6063.799999999999
6985.8
7657.2
7685.800000000001
7021.399999999999
5779.300000000002
5039.400000000001
7575.0
7335.400000000001
6629.699999999996
7154.400000000001
7248.099999999999
6424.200000000003
7569.2
5341.500000000001
6405.100000000003
6007.300000000002
5425.3
6223.700000000002
6220.2
7665.599999999999
7600.799999999999
5194.499999999998
5670.4
7357.2
6742.699999999997
6911.799999999999
7688.599999999999
6246.800000000002
7140.000000000001
6932.399999999999
7646.200000000002
6676.3
5513.299999999994
6716.299999999999
6062.2
6609.300000000003
6680.800000000001
6956.7
7248.5999999999985
7645.4000000000015
6171.8
6688.9
6717.899999999999
7673.4
7275.3
7217.599999999999
7455.699999999999
7427.4
7526.9
6419.299999999998
6830.9
7633.0
7479.199999999998
6612.2
6537.799999999999
6525.4
7596.799999999999
6675.699999999998
6821.800000000004
7071.6
7396.399999999999
6511.899999999998
7351.6
7229.3
6944.199999999998
6515.0
7137.2
7403.7
7002.800000000001
7627.300000000001
7398.6
6689.399999999999
7295.799999999999
7385.0
7314.100000000001
7661.6
7638.0
7219.7
7283.000000000001
7670.8
7460.499999999999
7403.6
7034.000000000001
7618.2
7274.1
7732.899999999999
7030.0
7136.3
7208.299999999999
7288.8
7582.000000000001
6584.299999999999
7045.9
7509.599999999999
7430.100000000001
7378.799999999998
7355.8
7101.5
7346.299999999998
6696.599999999999
7096.700000000001
7680.199999999999
7643.999999999999
6918.0999999999985
6863.500000000001
7234.999999999996
7397.2
7345.0
7429.3
7302.199999999999
7608.8
6576.7
7395.3
6263.2
7351.500000000001
6711.4
7186.8
7126.400000000001
7041.1
7613.400000000001
7489.799999999999
6873.5999999999985
7285.999999999999
7519.0
6419.6
7535.799999999999
7504.4
6897.8
7258.200000000001
7639.900000000001
7662.4
7481.9
6858.300000000001
7392.999999999998
7268.500000000001
5580.999999999997
6399.500000000001
6766.399999999999
7306.200000000001
7683.6
7120.999999999998
6621.6
6810.099999999999
7666.8
7630.200000000001
6633.900000000004
7597.2000000000035
7306.799999999999
7528.299999999999
5447.799999999997
6243.399999999998
7029.800000000001
7679.8
5999.000000000003
6132.299999999999
5730.099999999997
7368.4
6838.7000000000035
7111.099999999999
7433.4
7241.099999999999
5915.0999999999985
7606.6
6708.000000000002
7386.100000000001
6348.0999999999985
6846.500000000002
7494.799999999999
7089.2
7658.6
7498.899999999998
6035.7000000000035
6902.5
7485.4
7369.400000000001
6646.200000000001
7304.799999999998
6226.300000000001
7394.0
7156.6
7684.8
7498.199999999999
6843.799999999999
7396.600000000002
6993.600000000001
7329.7
6182.999999999997
7032.099999999998
7437.2
7665.4
7319.7
6892.999999999999
6873.5999999999985
7638.6
7308.800000000001
6572.899999999997
7665.0
7645.200000000002
7060.100000000003
6384.9
6932.0999999999985
6806.7
7687.6
7204.400000000002
6869.8
7281.799999999999
7040.200000000001
7442.799999999999
7179.0
7558.599999999999
6459.899999999999
7392.1
6890.500000000002
6764.400000000001
7125.500000000001
6521.200000000001
7133.4
7269.4
7505.000000000001
7343.1
6988.400000000001
7507.400000000001
7116.4000000000015
7444.299999999999
6987.0
7464.199999999999
7687.6
6890.3
6307.9
7571.200000000001
7647.6
6654.800000000001
7333.800000000002
7275.200000000002
7387.4
7276.5
7223.799999999997
7136.100000000001
7468.800000000001
7603.8
7574.599999999999
6827.799999999999
6930.200000000001
7210.999999999997
7479.3
7345.400000000002
7435.3
7645.0
7624.599999999999
5932.700000000001
7070.200000000001
7653.700000000001
7695.6
6868.400000000004
7144.999999999998
6036.800000000001
7444.3
6117.999999999999
5874.8
7413.199999999998
5415.399999999996
5937.000000000001
7309.799999999999
4320.399999999996
7552.5
6049.599999999997
5725.500000000001
6665.600000000004
7148.6
7472.199999999999
7482.4
6596.699999999998
7374.8
7284.5999999999985
7602.599999999999
7261.600000000001
7666.0
6739.599999999996
7199.899999999997
7575.800000000004
7666.400000000001
7419.999999999998
7406.4
7022.000000000001
7553.299999999999
7232.799999999999
7071.299999999999
6632.600000000002
6628.999999999997
6956.900000000001
7354.399999999999
6359.799999999999
7192.299999999999
7464.200000000002
7646.0
7618.4000000000015
7527.799999999999
7471.9000000000015
7303.899999999998
5418.6
6842.5
7687.599999999999
7530.000000000002
7041.6
7239.800000000001
5150.199999999997
7163.299999999998
7520.2
7435.500000000002
7242.6
6419.899999999999
6583.300000000006
7072.000000000003
6458.900000000001
6895.7000000000035
5184.699999999998
6951.200000000004
6671.8
6668.299999999993
7348.200000000002
6576.7999999999965
6421.5
6325.6
7519.699999999999
7508.4
7193.399999999999
7488.799999999999
6994.099999999998
7510.400000000001
7662.8
6676.499999999996
6974.9
7627.0
7021.8
6868.499999999999
6389.799999999998
6787.700000000003
6536.199999999997
7195.399999999999
7616.799999999998
7192.200000000001
6450.800000000001
7030.0999999999985
7379.4
7212.499999999997
7305.099999999998
7135.799999999999
7569.8
7554.400000000001
6708.299999999998
7108.8
6796.700000000002
7391.8
5965.900000000003
6249.300000000002
7015.199999999998
7418.6
6876.9
6013.999999999998
6398.699999999998
5648.299999999997
6490.5999999999985
7184.8
5661.300000000002
7587.599999999999
5859.099999999998
6890.9000000000015
7325.399999999998
7518.400000000001
7539.700000000002
6776.4
7383.399999999998
4245.4
6386.099999999998
7563.000000000002
6232.800000000001
7690.799999999999
5850.300000000005
6657.300000000004
5583.599999999998
6497.800000000004
6429.7
7232.499999999999
7074.199999999998
7474.600000000001
6893.599999999999
5700.200000000006
5925.199999999995
6668.899999999993
7646.0
5861.400000000003
5622.300000000002
6577.600000000002
7671.200000000001
6931.5999999999985
6994.599999999999
7648.200000000001
7365.799999999999
7533.6
6604.600000000002
6480.900000000001
6925.0
7659.6
6259.500000000002
6802.900000000001
6063.400000000001
7573.400000000001
6498.299999999997
6785.700000000001
6744.899999999999
6664.599999999996
7253.8
7587.400000000001
7021.2
7181.899999999999
6049.099999999997
6602.9000000000015
7396.2
6944.199999999998
7163.299999999998
7323.7
6363.299999999997
7187.199999999999
6515.599999999995
6274.099999999997
7229.899999999999
7199.999999999999
6494.999999999998
7336.2
7686.6
7685.0
6993.900000000002
6737.100000000002
7639.799999999999
6519.700000000001
5292.7000000000035
5398.199999999999
5452.600000000001
5269.499999999999
6573.600000000002
6169.399999999998
4547.400000000001
6105.499999999993
5578.4
6978.500000000002
6824.500000000004
5936.800000000001
7343.200000000005
4712.999999999998
4031.2999999999965
7113.399999999999
6636.099999999999
6753.700000000005
5925.399999999998
6151.899999999997
3784.9999999999995
6320.3
7514.4
6311.800000000002
5039.6
5966.799999999998
5860.199999999998
5269.9000000000015
6307.200000000002
6571.800000000001
5622.1
7268.199999999999
7397.5
7341.800000000002
7634.000000000001
7636.6
5269.0999999999985
5389.100000000004
5714.600000000001
7506.200000000001
5591.200000000001
7694.400000000001
5872.800000000005
5601.200000000002
4638.299999999999
6448.300000000001
7387.2
5584.800000000001
5006.000000000002
7630.2
5532.500000000002
5649.999999999999
5093.999999999995
5852.800000000005
6796.8
7190.799999999997
5712.000000000002
6495.900000000003
6353.800000000002
5493.600000000002
5546.799999999999
6807.000000000002
7501.999999999995
7647.199999999999
5282.8
6609.499999999998
7667.999999999999
5994.0
6369.600000000003
6099.400000000001
5403.0999999999985
5917.599999999999
7483.5
5295.7
7533.0
6255.1
5820.799999999996
4795.000000000001
3045.900000000001
7146.899999999997
5457.899999999998
4531.2000000000035
7325.4
4866.300000000002
7677.599999999999
5437.800000000002
5966.600000000002
6480.700000000001
5897.800000000001
7608.400000000001
7352.500000000001
7132.100000000001
7310.3
6369.799999999997
6027.400000000002
6279.800000000003
4629.000000000004
5418.399999999997
4948.4
5001.899999999997
3135.300000000005
5222.4
4843.999999999998
6627.0
7419.4
5995.9999999999945
5207.099999999997
7507.8
7544.2999999999965
6015.700000000002
7387.0999999999985
6762.900000000001
7474.200000000001
6020.200000000002
5554.000000000004
6305.4
6230.6
4660.9000000000015
7443.000000000002
7140.6
5659.899999999997
5940.299999999995
7084.100000000001
3933.199999999996
6107.900000000001
5010.7
7297.3
6830.899999999998
6141.199999999999
7141.099999999998
2793.2000000000007
5685.900000000003
7308.0
7153.199999999999
7644.0
7648.2
7182.400000000002
6615.000000000002
6146.0
7361.999999999999
7460.999999999999
7696.8
7090.099999999999
5561.8
6057.599999999997
6321.3
7275.299999999999
7445.4000000000015
7524.599999999999
6143.599999999997
6650.6
6012.399999999999
5551.699999999998
6402.7
7050.400000000003
6560.599999999993
6204.699999999997
7620.400000000001
6329.200000000001
7330.9000000000015
7603.000000000001
6674.600000000002
7546.299999999998
7580.399999999999
6039.9000000000015
6964.400000000003
6691.199999999997
7699.200000000001
5978.899999999999
5630.399999999999
7035.999999999997
7553.799999999999
5718.699999999999
6830.300000000002
7412.600000000001
4595.199999999994
5606.699999999999
6442.2
5937.700000000001
6781.099999999996
6334.300000000003
5564.099999999995
7210.5999999999985
7355.800000000001
7508.200000000003
7097.299999999998
7435.999999999999
6646.800000000001
7623.8
4985.399999999997
7664.8
7298.700000000002
6417.6
6906.0999999999985
7230.0999999999985
6584.799999999999
7267.199999999999
6526.2000000000035
7349.899999999998
6721.400000000001
4549.399999999999
6398.300000000003
6707.400000000001
6811.700000000001
7626.400000000001
6794.599999999998
6511.999999999995
6865.800000000003
6929.199999999999
7033.300000000002
6793.700000000002
7435.199999999999
6840.5
7372.099999999999
6856.2
6697.299999999999
7696.0
7221.7
5784.300000000003
6723.000000000003
6710.300000000002
6721.9
7438.800000000003
6382.599999999996
7112.199999999999
5094.899999999997
6058.200000000001
6363.200000000001
5449.000000000002
7485.5999999999985
6619.599999999999
6705.8
6617.8
6447.8
7184.600000000001
7380.100000000001
6822.299999999997
6843.000000000003
7492.800000000002
6784.600000000002
7130.7000000000035
7698.199999999999
6845.600000000003
7261.799999999998
7683.8
7577.6
6696.7999999999965
6814.700000000002
7680.0
7204.199999999998
6970.700000000002
5563.500000000001
6833.099999999996
7162.299999999999
7180.999999999999
7649.0
6316.800000000001
7031.4
7422.399999999999
7339.9
6940.500000000002
7228.699999999999
7661.2
7258.999999999998
5696.100000000005
6486.200000000002
7661.4
7407.3
6229.699999999999
6362.000000000001
6909.000000000002
6921.600000000002
6279.2000000000035
7043.100000000002
7310.899999999999
6369.2000000000035
6990.599999999995
7063.2
5945.699999999998
7459.400000000001
6468.8
6721.799999999999
6704.700000000003
7556.5999999999985
7667.400000000001
7664.400000000001
7451.2
7151.999999999999
7127.300000000001
6956.200000000002
7031.799999999997
7701.0
6879.700000000002
7059.299999999998
7691.200000000001
6468.200000000001
7443.5999999999985
7282.400000000001
7092.299999999997
7483.099999999999
5567.399999999997
5743.000000000001
5547.2
6509.000000000004
7513.6
7576.199999999999
6580.199999999999
7226.2
7443.999999999997
6475.199999999995
7444.8
7648.2
7535.800000000003
7368.800000000001
6592.400000000003
6253.299999999998
7701.4
7297.099999999994
3187.4999999999973
6545.300000000004
4513.199999999999
5924.299999999999
7243.700000000002
5508.699999999996
7435.600000000002
5186.700000000002
7204.400000000001
5992.600000000002
5891.700000000001
7489.000000000001
1060.199999999998
5045.900000000009
6583.2999999999965
7537.0
5970.1
7650.8
7542.599999999999
4835.599999999993
4479.900000000003
5818.900000000001
6529.600000000002
6149.600000000004
6119.2
6333.400000000003
5401.200000000002
6642.499999999998
5952.199999999999
5985.200000000001
6285.200000000003
7316.700000000001
6120.599999999996
5127.200000000003
6470.399999999995
6492.599999999998
6720.199999999999
5339.0
7065.900000000001
6990.199999999998
6012.8
7592.599999999999
6137.0
6363.199999999999
7335.399999999997
7652.8
6401.200000000003
6463.399999999996
7700.400000000001
7673.2
6548.200000000001
7050.9
6069.2
7402.0
7040.800000000001
7326.2
7306.200000000001
6352.5999999999985
6094.499999999998
7479.699999999999
6712.0
7215.799999999996
4867.300000000001
7524.7
5231.600000000004
7479.199999999999
7692.0
7683.799999999999
7267.999999999999
6775.400000000002
7337.000000000001
6951.2
7613.400000000001
7712.6
6834.399999999999
6498.9
7543.599999999999
7610.599999999999
7480.6
6881.1
6870.8
7256.7
6990.200000000003
7010.7999999999965
6976.800000000001
5634.799999999999
7338.399999999996
7606.6
7193.2
7030.799999999999
7296.599999999995
5821.400000000002
7388.199999999998
7314.299999999999
7694.0
6512.999999999999
6944.1
6573.599999999999
7673.400000000001
6543.200000000003
6968.0
7248.299999999998
6621.0
7581.0
6764.5999999999985
6937.0
6136.799999999998
7249.4
6993.799999999998
7492.799999999999
7074.900000000001
7395.4
6506.8
6764.000000000001
6907.399999999999
7306.3
7660.400000000001
7181.899999999998
7555.900000000001
6570.899999999998
6982.299999999999
7445.999999999998
7620.8
7649.4
6982.999999999995
7674.400000000001
7552.000000000002
7696.799999999999
7118.6
7548.699999999999
7246.6
7292.1
7267.8
7333.7
7095.9
7391.2
7664.8
7231.700000000001
6835.400000000001
6949.099999999999
7513.8
7198.799999999998
7499.299999999999
7604.5
7374.299999999998
7662.799999999999
7208.0
5694.800000000001
7550.5
6904.099999999999
7185.1
7155.399999999998
7236.299999999999
7621.8
7304.7
6891.4000000000015
7200.0
6501.799999999998
6120.099999999999
7473.0
7142.4
7429.999999999999
6518.100000000001
6382.299999999999
7538.0
7247.5999999999985
7282.5999999999985
7633.4
7514.899999999999
6338.000000000001
6808.799999999998
7416.000000000001
6667.899999999998
7606.0
6463.799999999999
7523.000000000002
7478.6
7664.599999999999
7466.4
6535.0
5907.100000000003
7401.200000000001
6856.599999999998
6861.800000000002
6424.3
7576.4
7594.999999999998
5813.200000000005
6459.700000000001
6753.999999999998
7638.8
7043.9
7243.099999999999
5446.400000000001
5764.499999999998
7647.199999999999
7009.8
5000.500000000001
5472.599999999999
7695.200000000001
5191.7
6178.299999999999
4832.100000000002
7413.3
7407.000000000002
5656.999999999999
7041.2
7231.800000000001
5856.199999999999
6783.799999999999
6448.8
6691.200000000002
6072.699999999997
6771.2
7398.9
7106.299999999998
7374.500000000001
7331.299999999999
7581.700000000001
6661.599999999997
7065.3
7286.500000000001
7291.200000000001
7650.0
7241.5
7119.1
7472.9
7432.4
7285.699999999999
7426.200000000002
7054.200000000001
7548.4
6956.300000000002
7456.9
4961.000000000001
6854.999999999996
7661.200000000001
7357.399999999997
7119.599999999999
7155.400000000001
7658.0
6770.200000000001
7389.499999999998
7509.7
7631.199999999999
7611.3
7066.600000000001
7161.100000000001
7456.999999999999
7410.5
6504.600000000004
6351.1
6829.500000000002
7116.0
7448.5
6947.900000000001
7377.399999999999
7676.0
6573.200000000001
7587.8
7226.900000000001
7436.9
7049.4
7108.500000000001
7147.9
7451.2
7596.2
7667.6
7796.4000000000015
7438.199999999999
7525.4
7295.6
7625.799999999999
7573.8
6795.5999999999985
7526.500000000001
7410.3
7693.6
7422.5999999999985
7347.099999999999
7673.199999999999
7175.300000000002
6940.000000000001
6973.8
6380.799999999999
7218.0
7317.5
7341.000000000001
7232.599999999999
6685.5
7531.7
6690.000000000001
7334.4
7398.0
7384.9
7358.300000000002
6848.500000000001
6653.4
7682.4
7699.200000000001
7017.799999999999
6242.900000000001
6531.7
7430.800000000001
6781.499999999999
6855.699999999999
7320.800000000003
7377.199999999999
6485.0
7308.1
6577.299999999999
7309.7
6577.199999999999
7052.9
7233.0
7146.5
7664.000000000001
7551.2
7163.499999999997
7140.6
7361.0999999999985
7400.7
7541.399999999999
7650.0
6765.6
7694.0
7643.0
7249.4
7161.0
7454.2
7600.2
7223.700000000001
7583.199999999999
7354.699999999999
7062.3
7436.7
7593.000000000001
7256.199999999999
7050.999999999999
7336.0
7608.0
7619.6
6968.999999999998
7493.199999999999
7410.599999999999
7563.3
6787.199999999997
7555.2
7428.9
7542.6
6805.700000000001
6371.5
6890.199999999998
7407.199999999999
7076.499999999998
6972.400000000004
7159.499999999998
7366.2
6067.600000000002
7421.0
6682.100000000001
7287.099999999999
6736.699999999999
6763.700000000006
7466.1
7061.300000000001
7701.4
7427.4
6917.700000000001
6904.2
7416.0999999999985
7574.200000000001
7636.2
7516.700000000001
6929.000000000001
7479.4000000000015
7688.799999999999
7541.9
7472.5
7416.499999999998
7445.6
7038.299999999999
7342.299999999999
7068.199999999998
6576.199999999998
7279.700000000001
7148.599999999999
7121.5
6882.500000000001
6658.699999999998
7420.999999999999
7628.200000000001
7293.199999999999
7673.400000000001
7374.2
7433.299999999998
7036.5
6456.9
7683.0
7535.4
6440.9000000000015
6821.0
7139.8
7551.4000000000015
7398.9
6860.199999999998
7074.200000000001
7577.400000000001
6565.200000000003
7291.200000000001
6353.799999999997
7547.2
6987.799999999999
6424.900000000002
7019.7
7424.399999999999
7537.900000000001
7131.4
7434.699999999999
6831.9
7568.0
7556.799999999999
7546.4000000000015
7563.400000000003
7192.999999999999
7571.399999999999
7681.4
7504.400000000001
7391.299999999999
7435.5999999999985
7556.800000000001
7410.7
7528.5
7537.399999999999
7120.300000000002
7295.599999999998
7427.1
7587.4
6828.000000000001
7177.700000000001
7605.2
7510.6
6992.999999999999
7668.999999999999
7121.799999999999
7678.6
7154.200000000001
6898.600000000001
7684.0
7684.799999999999
6274.199999999996
7160.899999999997
7085.399999999999
7583.000000000001
7463.399999999998
6753.0999999999985
6843.199999999999
7107.899999999999
6837.0
7096.800000000005
6520.200000000002
7615.0
6710.500000000001
7423.000000000001
7619.000000000001
6943.300000000003
7303.099999999999
7682.0
7284.899999999997
6735.999999999996
7046.6
6939.0
6179.600000000002
7244.599999999999
6777.9
7129.4000000000015
7702.6
7690.6
7307.199999999997
7669.800000000001
7671.6
7377.599999999999
6665.199999999998
6646.600000000004
7152.200000000003
7576.6
7054.800000000001
7091.0
6778.099999999999
7544.600000000002
7689.6
7579.200000000001
6722.500000000003
7411.7
7604.6
7508.3
6904.699999999998
7035.399999999998
7695.6
7695.0
6569.699999999998
7070.4000000000015
6951.5999999999985
7559.6
7268.600000000005
6763.899999999995
7309.400000000001
7123.299999999998
7155.999999999999
7314.6
7281.6
7524.5
7059.999999999998
5371.999999999997
7174.8
7491.800000000002
6272.900000000004
5995.699999999998
6801.599999999999
7010.3
7575.2
7247.399999999999
7662.799999999999
7704.199999999999
6635.900000000001
6735.599999999996
6549.799999999999
7650.599999999999
7050.5
7421.700000000001
7484.3
6971.5
7460.299999999999
7465.599999999999
6936.199999999997
7405.599999999999
7484.999999999998
7282.5
7297.1
7229.800000000002
7524.6
7405.899999999998
7333.099999999999
7539.200000000001
7255.900000000001
7612.0
7025.700000000002
7518.8
7557.9
7564.500000000001
6116.199999999994
6969.299999999998
7148.8
5487.800000000001
6542.899999999997
6530.899999999998
7546.8
7541.0
5366.500000000003
6950.100000000001
5772.400000000003
6975.199999999999
6680.5999999999985
3981.200000000001
5790.000000000001
7138.8
6464.799999999999
7296.0
6931.599999999999
7004.200000000002
6953.800000000001
7294.9
7626.2
7562.3
6401.4
7358.300000000003
7672.6
7637.6
7461.6
7505.8
7564.199999999999
7478.5999999999985
7647.6
7059.9
6417.300000000001
7428.299999999999
7512.299999999999
7360.7
7312.1
7000.899999999999
7661.400000000001
7520.000000000001
6994.9000000000015
7585.4
7433.800000000001
7445.0999999999985
6588.199999999999
6474.099999999999
7170.900000000001
7621.599999999999
6816.5999999999985
7148.599999999999
7228.4
7587.999999999998
7366.7
7000.300000000001
7338.799999999999
7714.7
7263.0
7334.2
6979.600000000001
7436.299999999999
6599.000000000001
6976.900000000002
7265.5
7380.099999999999
7679.8
7515.999999999999
7011.199999999999
7354.4
7541.599999999999
7237.000000000002
7147.700000000001
7602.899999999999
6799.099999999999
7096.200000000001
7678.599999999999
7688.8
7356.3
7292.799999999999
7627.399999999999
7292.5
7102.400000000003
6812.300000000002
6339.400000000001
6356.499999999998
7464.799999999999
7105.199999999998
7103.1
7111.699999999999
7227.199999999998
6651.800000000002
7074.999999999997
6839.000000000001
7148.500000000004
7491.700000000001
6411.3
6956.000000000002
7502.500000000002
7573.800000000003
7133.100000000001
6781.2
5580.300000000004
6850.8
6858.599999999998
7716.199999999999
7458.2
7048.600000000002
6487.0
6593.899999999999
6633.700000000001
7380.8
5834.699999999999
5947.9000000000015
7223.200000000001
6916.499999999999
7460.200000000001
7402.299999999999
7561.5999999999985
7084.300000000001
7596.2
7443.099999999999
7019.600000000001
7689.8
6971.999999999999
7050.000000000003
7673.799999999999
6877.199999999998
7155.3
7416.400000000001
7015.000000000001
7240.2
6716.4
6805.600000000002
5174.399999999999
6798.200000000001
7577.500000000001
6640.3
6109.700000000002
7207.799999999998
6888.199999999999
6987.399999999999
6817.1
7311.4
7124.5999999999985
7172.899999999998
6428.1
7210.999999999998
7706.8
7350.499999999998
6792.999999999998
5518.499999999997
7223.799999999997
7582.6
7006.599999999999
7210.300000000005
6812.999999999999
6701.799999999998
7294.099999999999
7321.0999999999985
6254.099999999998
7432.199999999997
6426.499999999996
5825.999999999999
6434.000000000002
7051.100000000001
7051.399999999998
7598.4
7578.5
7253.599999999999
7283.6
7385.799999999999
7587.2
7639.9000000000015
7255.999999999999
7316.9
7667.8
7302.9
7402.6
7117.400000000001
7611.799999999999
7284.399999999999
6823.999999999999
7015.2
6525.9000000000015
7192.399999999999
7349.4
7456.0
7129.799999999999
6763.100000000001
7628.8
7562.000000000001
7614.399999999999
7643.799999999999
7697.2
7651.8
6901.600000000001
7522.800000000002
7513.399999999999
7665.400000000001
7191.999999999998
7283.799999999999
7279.800000000001
7595.4
6944.800000000002
7303.3
7169.000000000001
7017.799999999998
6868.499999999996
7584.399999999999
5535.200000000003
7131.799999999999
6620.0999999999985
7282.7
7486.900000000001
6579.099999999995
7670.6
7428.399999999999
7460.8
6117.500000000001
4703.999999999998
7273.200000000002
7640.200000000001
7505.9
5770.799999999999
7565.299999999999
6645.400000000002
7675.4
6241.5999999999985
6477.999999999998
7215.499999999998
7198.699999999998
6040.199999999999
5145.100000000001
7045.2
5758.499999999994
6699.900000000001
7213.8
5691.000000000001
6568.699999999996
7637.8
6710.500000000004
7434.099999999999
7105.799999999998
6372.2
6641.899999999999
5504.000000000001
6379.399999999999
7691.400000000001
7654.799999999999
7326.500000000001
6558.800000000004
5135.099999999996
7512.000000000003
7193.700000000002
6328.199999999998
5941.2999999999965
3058.0000000000023
7273.8
5944.500000000002
4868.900000000003
7170.2
5707.699999999999
5905.499999999999
7293.200000000001
5166.100000000002
7493.199999999998
5595.100000000001
7447.3
5942.599999999997
5863.899999999996
7129.300000000001
6182.2999999999965
7686.799999999999
7171.199999999999
7087.100000000002
7600.6
5647.500000000001
6055.500000000004
7294.7
4504.999999999997
4777.799999999997
3351.999999999999
5505.699999999996
7387.199999999999
5685.399999999998
7520.800000000002
5707.699999999996
4375.199999999999
7448.4
4693.3
5760.7
5737.199999999999
4645.699999999997
5966.999999999996
6337.899999999998
5065.999999999998
5258.699999999997
6415.200000000001
5996.799999999999
6476.499999999996
5480.900000000001
4810.4999999999945
5922.200000000003
7613.799999999998
5726.2
6082.099999999998
5501.399999999999
5415.000000000001
6176.5
4832.0
5923.400000000001
5507.4
6092.900000000002
6627.199999999999
5915.200000000002
5995.200000000001
6475.599999999996
6282.599999999997
5244.999999999996
6069.6
5667.599999999995
6481.900000000001
6296.499999999998
4799.600000000003
6561.5999999999985
6510.899999999998
6554.399999999998
6601.600000000002
7167.6
7447.499999999999
6684.2000000000035
6204.500000000003
6575.799999999998
6213.699999999999
6807.700000000003
6922.300000000001
7074.099999999998
7128.3
6489.999999999999
7668.799999999999
7410.199999999999
7269.1
7234.299999999998
7561.4
7622.8
6859.599999999997
7476.199999999999
7219.1
7683.4
6938.600000000001
7308.799999999999
7409.699999999999
7410.1
7152.499999999997
7248.499999999999
7248.5999999999985
6845.399999999999
7001.5999999999985
7408.4
6589.100000000001
6946.2
7268.499999999999
5671.400000000006
6238.899999999999
6313.699999999998
7594.499999999999
7345.599999999998
7670.099999999999
6667.199999999998
7605.2
7272.6
7362.0999999999985
7685.400000000001
6660.299999999999
6491.499999999998
7653.599999999999
7478.400000000001
6378.200000000001
7174.8
7130.2
6797.7
7439.9
7290.000000000001
6470.000000000001
6969.0999999999985
7475.5
7251.1
6501.0
6841.999999999999
7666.4
7573.4
7012.8
7672.400000000001
7676.0
7622.299999999999
6645.0
7109.499999999998
7388.300000000001
7593.700000000001
6895.400000000001
7216.7
7257.5
7322.2
7444.899999999999
7647.9
7621.2
7198.4
7477.099999999999
7394.599999999999
5912.600000000005
7184.700000000001
7212.499999999997
7096.4
7086.799999999999
7333.4
7648.799999999999
7542.199999999999
7215.800000000003
7170.5
7441.399999999999
7500.199999999999
7546.3
7665.5999999999985
6633.4
7179.699999999999
7502.799999999999
7675.199999999999
7457.9
7190.200000000002
7556.2
7361.7
7314.599999999999
7408.099999999999
5931.999999999999
7092.2
7376.9000000000015
7259.1
6909.900000000001
6907.400000000001
7651.200000000001
7651.200000000001
7284.899999999998
7677.399999999999
7689.799999999999
7477.0
6311.800000000002
6402.499999999997
7524.700000000001
7624.799999999999
6955.6
6829.299999999999
6982.200000000001
7261.2
7111.700000000002
6845.5
7350.6
7656.400000000001
6826.4000000000015
6550.3
5929.5999999999985
7423.1
6632.800000000002
5675.100000000001
7020.8
7423.1
7451.599999999999
6986.5
7678.9
6878.000000000001
7046.399999999998
7529.900000000001
6709.300000000001
7692.8
6790.200000000001
7017.0
7025.6
7154.400000000002
7193.900000000001
7224.3
7168.3
7451.999999999998
6500.9000000000015
6588.199999999999
6980.5
7567.2
7294.999999999999
7032.7
7002.2
7609.6
7595.0
7162.099999999999
7088.4
7475.4
7404.3
7595.0
6478.400000000001
6702.5
7643.9
7619.799999999999
6766.4000000000015
7398.999999999999
6516.599999999999
7576.2
6837.0
6251.0000000000055
7354.799999999999
6888.600000000002
6635.800000000001
7598.599999999999
6419.299999999999
7403.8
6559.899999999999
5251.100000000001
6752.900000000001
6532.600000000002
7640.4
7168.2
7421.999999999998
7147.2
7491.400000000001
7291.0
7531.999999999998
7684.0
6830.4000000000015
7199.000000000001
7651.200000000001
7674.400000000001
6652.200000000003
7383.800000000001
7593.799999999999
6733.399999999999
5251.800000000005
7000.199999999998
6680.399999999999
5736.399999999998
6944.200000000001
7330.000000000004
7312.9
5360.999999999996
7683.200000000001
7537.400000000001
7104.299999999999
7572.999999999999
7619.799999999999
7676.200000000002
6925.699999999999
6629.999999999999
7680.600000000001
7474.199999999997
7210.100000000001
7318.000000000001
7478.5999999999985
7559.200000000001
6756.999999999997
7661.599999999999
5259.7999999999965
7739.7
7291.4
7530.0
5853.4
7605.1
5276.5999999999985
7477.000000000001
6324.199999999996
6699.399999999998
7682.599999999999
6170.000000000001
7443.2
6085.200000000002
7005.199999999999
7404.4
6485.400000000004
7702.999999999999
6546.200000000002
7608.0999999999985
6202.600000000002
7119.200000000004
6658.299999999997
7572.999999999999
7498.0
7245.399999999998
7432.799999999999
6850.0
7111.4
7063.900000000001
7393.1
7012.500000000001
7106.999999999998
7264.3
7550.900000000003
7199.299999999998
7636.699999999999
7268.2
7044.700000000001
7516.599999999999
6609.200000000001
6925.400000000001
7304.699999999999
7560.3
6467.400000000001
7228.699999999999
7234.6
7393.799999999999
7156.099999999999
7064.799999999999
7007.0
7184.9000000000015
7116.6
7405.6
7086.699999999999
7394.7
6752.0
7285.3
6933.500000000002
7197.7
7382.400000000001
7452.400000000001
7582.499999999999
6920.0
7386.2
7259.599999999998
7326.1
7580.5
6527.6
7562.4
7588.0
7634.2
7531.0
7137.8
7632.2
7559.799999999998
6034.399999999999
6574.299999999998
7017.600000000001
7193.999999999999
7464.800000000003
7391.1
7509.4
7208.299999999999
7440.699999999997
7392.0
7378.5
7418.300000000001
7190.8
7639.400000000001
6806.199999999999
7037.999999999998
7663.6
7452.800000000001
6636.799999999999
7048.4
6995.3
7550.799999999999
7190.6
7217.200000000002
7366.2
7170.4000000000015
6950.599999999998
7528.8
6635.4
7227.900000000001
7111.5999999999985
7036.2
7299.0999999999985
7287.9
7577.199999999999
6792.7999999999965
6802.200000000001
6958.6
7426.900000000001
7587.799999999999
7293.5999999999985
7709.6
6804.499999999998
7568.4
7626.0
7554.000000000001
7446.200000000002
7413.299999999999
7594.8
7602.099999999999
7278.599999999999
7219.0
7051.9
7125.699999999999
7052.000000000001
7561.799999999999
7238.0
7240.800000000001
7570.1
7321.400000000001
7440.2
7466.599999999999
7495.599999999999
7200.199999999999
6689.799999999998
6784.200000000002
7616.200000000001
7653.200000000001
7082.800000000002
6202.0999999999985
6817.9
7397.100000000001
7212.499999999999
6704.799999999997
7459.199999999998
7376.799999999999
6618.800000000004
7312.700000000001
6809.699999999999
6889.999999999998
6883.600000000002
7068.600000000003
7346.599999999999
6932.799999999999
7499.599999999996
7067.999999999997
7342.700000000001
7203.599999999998
7387.099999999999
7437.799999999999
7451.200000000001
7525.9
6966.400000000001
7137.399999999999
7309.500000000003
7112.399999999999
7433.299999999998
6790.599999999999
7265.400000000001
7219.2999999999965
7596.999999999998
6786.900000000003
6250.399999999995
7426.0
7422.800000000003
7042.8
7293.7
7067.5
7667.0
7425.4
7508.000000000002
7576.000000000001
7461.799999999998
7650.000000000001
6978.0
7069.900000000001
7666.6
7609.199999999999
6486.7
6462.3
7151.5999999999985
7596.9
7525.6
7350.4
7579.0
7174.8
7103.1
7399.200000000002
6817.000000000005
7594.999999999999
5837.700000000001
7185.400000000001
7422.300000000002
7188.5
7638.000000000001
6961.999999999999
7611.6
6946.399999999997
7577.8
7248.999999999999
7675.200000000001
7702.0
5442.300000000004
6899.0999999999985
7705.6
6038.6
7464.399999999999
7645.600000000001
7406.9000000000015
7279.2
6433.7000000000035
7017.5999999999985
6943.6
7594.999999999999
7393.199999999998
7156.100000000005
7215.3
7495.999999999999
7507.699999999999
6746.100000000001
7423.100000000001
7538.399999999997
6550.300000000002
7706.400000000001
4759.1
6551.399999999998
7678.8
7653.6
6839.800000000002
7402.999999999999
6923.799999999998
7530.4000000000015
6895.300000000001
6828.199999999999
6411.799999999997
6436.899999999995
6684.600000000001
7356.899999999998
6768.599999999999
6706.199999999999
6809.599999999998
6498.8
6352.9000000000015
7048.199999999996
7329.400000000002
7317.299999999999
7062.499999999999
7243.200000000001
7506.8
7497.200000000001
7630.8
7580.0
6807.4
7597.699999999999
7584.199999999999
7419.6
7655.700000000001
7644.199999999999
7475.1
7480.4
7742.9
7004.499999999999
5348.2
7119.799999999999
6805.599999999998
6276.000000000002
7354.300000000001
7527.599999999999
7671.0
7576.7
7653.999999999999
7105.6
7520.0
7555.4
6246.000000000002
5610.299999999997
7512.799999999999
7677.6
6044.2
7045.000000000002
5832.000000000001
7629.200000000001
6466.999999999998
6645.400000000002
7173.000000000001
7015.599999999999
6959.600000000001
7563.6
6004.099999999996
7498.999999999998
6667.5
6657.600000000003
7433.5
7411.599999999996
7540.200000000001
7666.2
5892.4
7127.200000000003
7632.0
6966.400000000001
5962.400000000001
6109.599999999999
6930.400000000002
6941.0
7171.0
6719.599999999998
7578.400000000001
6113.2000000000035
6599.699999999997
7092.600000000002
3975.1999999999944
6184.999999999998
5786.599999999997
5888.599999999995
6378.199999999999
6585.999999999999
7176.0999999999985
7408.8
7605.200000000001
6739.2
7419.4
6683.199999999996
7668.0
7275.800000000003
6375.8
6033.1
5818.000000000001
7699.6
6607.899999999999
6817.399999999997
7114.800000000003
7532.6
6759.600000000005
6848.6
7661.599999999999
7065.900000000001
7234.000000000002
7633.799999999999
7015.400000000002
7399.200000000001
6749.499999999996
7014.799999999999
6573.500000000001
7472.399999999999
7468.4
7440.900000000001
7180.0
7439.3
7542.5
7387.999999999999
7484.600000000001
7691.4
7365.0
7226.299999999999
7366.400000000001
7168.8
7390.299999999999
7449.600000000001
6941.000000000003
7538.600000000001
7600.0
6008.999999999999
7280.300000000001
7147.599999999999
6935.400000000001
6672.800000000001
5853.999999999999
5769.399999999999
6702.799999999997
7523.4
6680.000000000001
6374.3
6599.299999999998
6307.599999999997
6251.500000000001
6159.1
6100.999999999999
7660.800000000002
5780.799999999999
5699.9
7515.7
7459.600000000001
7521.4
6458.4
6154.700000000003
6857.000000000003
6343.200000000008
6752.900000000003
4902.300000000004
7532.4
6384.499999999998
7739.000000000002
7451.4
7546.6
7452.599999999999
7423.0
7228.9
7160.3
6858.299999999999
7104.999999999997
7060.699999999999
7660.199999999999
6899.600000000001
7707.8
7137.0
7619.600000000002
6774.400000000001
6960.9
6871.3
7490.599999999999
6357.2
7015.899999999997
5871.600000000001
7371.800000000001
6548.6
7401.799999999999
6499.800000000001
6911.900000000003
7643.2
6604.599999999999
7516.999999999999
7260.300000000002
6855.7
6631.200000000002
6679.399999999997
6724.700000000003
7495.2999999999965
7669.4
6812.499999999998
6319.100000000002
5102.899999999998
7205.400000000001
7295.900000000003
7342.299999999998
6932.199999999998
5372.699999999997
6095.000000000004
6235.6
5636.999999999998
7584.0
5743.500000000001
5540.900000000005
7438.099999999999
7319.899999999999
5993.999999999995
7523.800000000001
7050.100000000002
6374.599999999997
7243.599999999999
7542.600000000001
7481.200000000001
7684.0
6572.099999999999
7069.299999999999
7688.599999999999
7246.499999999999
7329.400000000003
7339.800000000002
6230.000000000002
7541.6
6055.099999999999
6159.199999999996
6445.599999999992
6187.7999999999965
7244.799999999998
6457.500000000003
6515.299999999999
6636.499999999999
7028.499999999999
5615.599999999999
7017.7
7638.799999999999
6680.000000000001
7311.6
5763.899999999996
4953.700000000007
7655.799999999999
7637.200000000003
7009.900000000003
5889.599999999998
7012.3
7168.100000000003
6923.200000000001
6451.400000000003
6573.999999999997
6661.099999999997
5932.799999999996
7024.9000000000015
5446.099999999999
6565.299999999998
6576.199999999997
7171.2
7300.199999999997
6764.199999999996
7187.2
7358.399999999996
6846.6
6932.8
7006.299999999999
7031.699999999999
7598.2
6973.0
6835.599999999997
6822.4
7462.600000000002
7142.900000000003
7345.600000000001
7154.0999999999985
7582.2
7053.300000000001
5635.899999999999
6715.399999999994
6350.100000000003
6217.899999999998
6834.800000000003
6841.5999999999985
6884.599999999999
6650.300000000002
7317.199999999998
7569.799999999999
7362.4
6952.400000000002
7436.0
6405.800000000004
5923.800000000004
6149.9000000000015
7058.400000000003
7654.999999999999
6075.899999999998
6315.900000000002
6390.299999999997
7028.100000000001
6969.099999999999
7075.5
6799.699999999998
6682.299999999997
6575.9
7340.600000000001
6637.299999999998
7115.400000000004
6074.3
5674.700000000001
6240.600000000004
7490.200000000002
7519.8
7555.500000000001
7183.9
6866.800000000002
7493.900000000001
7577.6
7436.800000000001
7668.4
7046.699999999998
7424.399999999997
7697.6
7380.2
7467.6
6967.999999999998
7442.4
7404.0
7308.900000000003
6067.4000000000015
5880.499999999998
6929.499999999999
6381.600000000001
6637.399999999995
4995.000000000003
6087.700000000001
6946.0
7047.200000000002
6321.9000000000015
7027.800000000001
7650.5
6870.999999999997
5981.000000000001
6278.5999999999985
7511.000000000001
7628.0999999999985
7260.200000000002
6999.399999999999
6953.6
7582.4
7474.0
6804.400000000002
7301.3
7088.499999999999
6916.399999999999
7265.2
6953.000000000001
7563.8
7034.1
7525.799999999999
6603.999999999998
7403.5
6654.599999999998
6454.099999999998
7461.4
6121.599999999994
6435.400000000001
7004.5999999999985
6483.900000000001
7708.400000000001
7292.4
6896.0999999999985
6985.500000000002
7522.600000000002
7447.599999999999
6610.800000000002
7378.400000000005
5235.700000000002
5532.999999999999
6591.999999999997
5147.799999999999
6900.599999999999
4667.499999999998
6177.300000000004
6196.900000000001
5377.599999999999
6967.500000000002
4886.799999999998
5150.0999999999985
6999.300000000004
5890.099999999998
6687.199999999999
5141.9000000000015
4727.800000000001
7490.800000000001
7151.799999999999
5651.900000000001
6722.700000000001
6986.000000000001
5201.600000000001
6717.5999999999985
6809.899999999999
6831.999999999998
6868.2
6211.0
6905.999999999998
5677.299999999998
7175.599999999997
6373.7
7022.7
7170.299999999997
6601.799999999997
6944.499999999999
7244.099999999999
7170.399999999999
6645.7999999999965
6586.599999999999
6970.2
7190.100000000002
6967.200000000003
5281.3
6635.499999999997
7680.399999999999
7673.0
7489.5999999999985
7097.9
6205.999999999997
7667.000000000001
7654.8
6725.4
7099.9
7066.299999999997
7010.299999999999
7605.6
7392.999999999999
6864.799999999998
7175.000000000001
7625.4
7137.099999999998
7582.299999999999
7408.200000000001
7678.199999999999
7013.2
6690.699999999998
7634.9
7684.6
6796.9
6343.700000000002
6773.599999999999
7644.0
6915.699999999997
6688.9
6554.5999999999985
7695.000000000001
7106.600000000002
7072.599999999999
6612.100000000002
7445.899999999999
6714.8
5865.299999999998
7638.999999999999
7252.1
7652.400000000001
7638.4000000000015
7106.300000000001
6875.699999999999
7193.799999999999
6919.199999999999
7162.300000000002
7406.199999999999
6622.700000000001
7339.6
7455.099999999999
7671.400000000001
6870.799999999999
7568.799999999999
7422.900000000001
7644.8
7493.6
7127.4000000000015
7167.4
7156.9
7225.5999999999985
7073.000000000001
7146.0
7253.300000000001
7437.4
7586.599999999998
7544.200000000001
7415.5
7112.699999999999
7041.000000000004
6620.299999999999
5788.5999999999985
7391.000000000004
7648.000000000001
6261.5999999999985
6653.199999999999
7003.199999999997
7412.200000000002
7244.299999999999
7141.7
7004.400000000003
7216.900000000001
6543.800000000002
7417.6
6422.799999999999
7003.2
7282.1
7110.1
7287.300000000002
7323.400000000001
7251.5999999999985
7120.700000000002
7066.599999999996
5927.3
7145.5999999999985
7318.800000000002
6971.8
7576.6
6569.400000000002
7691.9
7653.6
7670.8
6135.0
7236.900000000001
7604.0
7241.8
7570.599999999999
7336.599999999999
7450.499999999999
7359.2
7646.200000000001
7106.000000000001
6556.200000000002
6839.999999999997
7655.600000000001
7371.0
7306.600000000002
7607.1
7437.099999999997
7602.6
6131.8
6508.4
7337.199999999999
7693.799999999999
6877.5
6809.9
7075.899999999999
7382.299999999999
7265.999999999998
7112.2
7281.8
7286.299999999999
6834.499999999999
7273.1
6616.400000000001
7509.899999999999
7194.4
7304.599999999999
7256.899999999999
7371.5
7590.4
7524.2
7434.999999999998
7165.0
7569.400000000001
7350.7000000000035
7480.7
7659.799999999999
7391.799999999999
7729.999999999999
7448.599999999999
7567.2
7433.199999999999
7477.499999999999
7586.800000000001
7439.200000000002
6921.399999999998
6236.700000000001
6745.799999999997
7208.299999999999
7000.0
6926.800000000002
7059.200000000001
7144.500000000001
7107.999999999998
6669.099999999999
7467.399999999999
6384.799999999999
7577.6
7672.8
5929.4
6176.3
7670.399999999999
7636.799999999997
6528.199999999995
6782.999999999996
6895.899999999996
6394.800000000002
7033.3
7619.799999999998
6605.099999999998
6766.400000000001
5675.399999999998
6507.799999999997
6148.2
7113.800000000002
6060.099999999999
6465.0
7518.2
7547.799999999999
7691.6
7407.5
7514.900000000001
7362.199999999999
6879.099999999999
7430.099999999999
6810.900000000002
7425.000000000002
7000.999999999997
7411.699999999999
7679.6
6500.5
7187.999999999998
6822.700000000001
7247.000000000002
7448.2
6869.599999999998
6635.799999999999
7128.199999999999
7073.8
6844.9
7272.7
6991.7
6803.499999999997
7206.700000000001
7434.999999999999
7273.0999999999985
7609.4
7584.500000000001
7624.6
6325.4000000000015
7036.500000000002
7406.800000000001
7622.6
6367.300000000003
6380.6
7191.7
7457.300000000001
7195.4
6159.200000000002
7462.199999999999
6670.199999999998
6802.200000000001
7398.899999999999
6818.4000000000015
7218.599999999998
6458.799999999997
6780.6
7177.0999999999985
6640.399999999997
7672.4
7452.5999999999985
6869.500000000002
6458.300000000001
7314.800000000001
7634.399999999999
7204.200000000001
7691.8
6596.400000000002
7700.400000000001
6958.600000000003
7552.800000000002
7101.099999999994
7228.799999999999
7308.1
6874.3
