-14247.0
-17832.0
-12444.0
-12211.0
-8541.0
-23780.0
-26536.0
-13086.0
-13611.0
-14125.0
-16256.0
-13628.0
-11811.0
-12954.0
-16856.0
-21210.0
-11001.0
-13300.0
-14300.0
-17276.0
-20989.0
-15662.0
-16925.0
-19959.0
-11766.0
-16747.0
-18749.0
-15147.0
-15621.0
-15592.0
-16679.0
-16192.0
-17982.0
-13379.0
-13011.0
-11390.0
-14743.0
-14823.0
-14083.0
-8787.0
-10531.0
-10676.0
-16790.0
-18527.0
-14932.0
-10305.0
-11894.0
-18455.0
-15862.0
-13821.0
-17766.0
-12545.0
-22758.0
-16149.0
-8811.0
-16410.0
-16170.0
-12743.0
-9034.0
-12841.0
-10939.0
-10760.0
-11047.0
-14880.0
-11452.0
-16163.0
-9943.0
-10223.0
-18489.0
-18631.0
-16976.0
-11002.0
-16856.0
-15328.0
-13793.0
-14165.0
-11523.0
-10180.0
-15264.0
-16396.0
-18102.0
-14481.0
-11243.0
-13963.0
-16006.0
-10413.0
-16861.0
-15609.0
-12960.0
-9787.0
-11904.0
-13550.0
-10858.0
-17171.0
-10487.0
-13085.0
-14917.0
-10918.0
-8519.0
-13323.0
-13751.0
-9499.0
-19928.0
-9265.0
-7596.0
-14504.0
-11567.0
-16813.0
-6832.0
-10093.0
-14518.0
-7495.0
-11872.0
-8118.0
-15868.0
-19694.0
-9734.0
-5998.0
-12841.0
-18099.0
-12600.0
-13268.0
-14087.0
-11355.0
-8292.0
-15851.0
-12636.0
-10637.0
-15797.0
-12748.0
-11938.0
-22243.0
-16491.0
-11603.0
-9610.0
-11330.0
-16281.0
-7086.0
-10643.0
-10291.0
-8943.0
-6746.0
-10852.0
-14111.0
-9838.0
-8467.0
-17473.0
-13925.0
-13864.0
-14018.0
-16172.0
-13767.0
-16032.0
-13885.0
-8826.0
-10838.0
-14963.0
-11833.0
-10636.0
-6308.0
-12720.0
-16532.0
-10480.0
-11124.0
-11129.0
-16866.0
-11752.0
-9879.0
-13806.0
-17041.0
-12273.0
-9839.0
-13727.0
-9975.0
-14897.0
-13346.0
-12025.0
-8475.0
-16430.0
-13070.0
-13504.0
-17703.0
-12512.0
-9574.0
-7457.0
-7663.0
-13947.0
-8888.0
-8708.0
-9958.0
-9267.0
-7773.0
-12131.0
-16063.0
-4793.0
-13050.0
-13000.0
-11935.0
-9171.0
-14385.0
-12452.0
-7702.0
-17643.0
-9779.0
-16658.0
-7180.0
-10843.0
-10053.0
-13529.0
-8700.0
-8213.0
-6642.0
-8860.0
-10797.0
-13005.0
-9676.0
-9052.0
-6585.0
-10982.0
-13765.0
-8387.0
-7117.0
-13847.0
-8791.0
-8760.0
-14239.0
-8240.0
-7834.0
-10231.0
-7939.0
-10961.0
-14494.0
-15297.0
-9184.0
-4487.0
-9045.0
-10418.0
-8940.0
-9259.0
-8074.0
-7146.0
-5663.0
-10178.0
-12821.0
-7555.0
-11265.0
-9737.0
-12072.0
-4929.0
-8453.0
-7600.0
-12319.0
-13224.0
-6812.0
-8087.0
-4774.0
-11746.0
-10953.0
-5773.0
-5201.0
-9590.0
-5584.0
-5088.0
-5434.0
-13893.0
-11662.0
-6753.0
-5441.0
-10475.0
-10164.0
-10330.0
-8835.0
-8285.0
-11386.0
-5718.0
-8874.0
-8377.0
-4532.0
-13367.0
-5813.0
-14358.0
-9619.0
-11534.0
-6044.0
-8579.0
-7891.0
-13389.0
-6373.0
-6117.0
-10217.0
-6449.0
-10187.0
-5318.0
-15632.0
-5926.0
-9763.0
-10971.0
-13974.0
-6393.0
-12227.0
-11082.0
-9590.0
-16407.0
-10711.0
-8304.0
-4265.0
-7426.0
-7154.0
-9950.0
-3728.0
-7482.0
-3599.0
-5503.0
-6295.0
-10479.0
-7850.0
-8588.0
-5958.0
-6600.0
-9455.0
-9748.0
-4687.0
-6868.0
-8148.0
-7968.0
-8904.0
-6375.0
-8285.0
-15901.0
-8069.0
-10721.0
-10318.0
-11614.0
-5656.0
-4663.0
-3928.0
-8877.0
-7787.0
-8034.0
-7867.0
-5536.0
-6872.0
-9100.0
-10294.0
-7216.0
-5063.0
-6144.0
-5277.0
-5754.0
-8994.0
-11778.0
-7417.0
-13920.0
-10318.0
-9437.0
-5730.0
-9208.0
-7076.0
-8750.0
-9523.0
-6118.0
-4764.0
-4957.0
-9220.0
-11551.0
-10004.0
-5052.0
-5729.0
-9531.0
-10784.0
-11014.0
-6762.0
-10897.0
-7668.0
-6165.0
-8572.0
-7905.0
-5392.0
-4687.0
-8340.0
-5352.0
-13624.0
-9677.0
-6376.0
-5666.0
-6588.0
-7506.0
-4701.0
-4507.0
-6651.0
-4065.0
-4459.0
-7496.0
-11579.0
-4110.0
-7285.0
-12442.0
-7845.0
-5493.0
-4989.0
-6543.0
-5348.0
-15200.0
-6447.0
-6680.0
-7461.0
-6594.0
-8490.0
-5655.0
-5074.0
-5842.0
-4972.0
-2823.0
-5035.0
-4445.0
-11711.0
-4140.0
-5240.0
-4763.0
-6241.0
-8335.0
-6102.0
-8188.0
-5904.0
-5587.0
-9812.0
-5123.0
-4193.0
-11349.0
-4532.0
-9619.0
-10172.0
-5366.0
-7029.0
-2833.0
-3049.0
-8303.0
-3910.0
-2760.0
-3132.0
-9660.0
-2715.0
-4295.0
-6493.0
-4290.0
-5138.0
-7196.0
-7813.0
-2443.0
-7582.0
-5294.0
-6158.0
-9088.0
-4445.0
-7417.0
-4524.0
-7406.0
-4163.0
-5368.0
-3229.0
-7410.0
-5160.0
-4048.0
-3620.0
-6667.0
-6103.0
-3448.0
-2734.0
-4568.0
-8229.0
-6021.0
-4671.0
-5094.0
-4299.0
-4139.0
-4693.0
-5506.0
-4010.0
-6219.0
-5195.0
-6681.0
-7212.0
-9161.0
-6777.0
-2560.0
-3009.0
-6309.0
-8970.0
-4913.0
-4685.0
-5819.0
-4293.0
-4887.0
-9141.0
-4237.0
-3347.0
-6929.0
-7664.0
-3396.0
-7821.0
-4173.0
-6277.0
-9500.0
-3814.0
-6604.0
-1932.0
-6787.0
-4203.0
-4770.0
-3537.0
-4860.0
-2228.0
-2672.0
-4741.0
-7876.0
-6257.0
-3130.0
-2090.0
-10253.0
-5692.0
-5535.0
-2581.0
-3632.0
-5396.0
-6303.0
-4291.0
-7243.0
-2239.0
-3735.0
-2892.0
-10660.0
-4789.0
-4988.0
-4474.0
-3167.0
-3119.0
-5502.0
-2251.0
-2788.0
-4834.0
-2979.0
-3559.0
-4748.0
-5834.0
-2160.0
-3538.0
-3740.0
-3869.0
-4906.0
-5119.0
-4011.0
-4030.0
-8760.0
-4857.0
-2357.0
-4138.0
-4229.0
-3988.0
-2684.0
-2056.0
-3674.0
-2178.0
-2351.0
-2973.0
-3748.0
-8367.0
-2571.0
-2521.0
-9431.0
-4077.0
-5311.0
-4263.0
-5351.0
-5409.0
-3037.0
-2961.0
-5440.0
-2116.0
-6631.0
-3688.0
-5430.0
-7821.0
-9737.0
-2444.0
-4359.0
-1652.0
-4695.0
-2219.0
-1851.0
-5811.0
-2160.0
-2667.0
-2752.0
-6658.0
-3243.0
-3487.0
-5165.0
-5097.0
-2300.0
-4407.0
-3564.0
-6159.0
-11185.0
-2458.0
-3156.0
-3362.0
-7735.0
-3529.0
-2503.0
-2342.0
-4915.0
-2136.0
-3184.0
-2084.0
-4649.0
-9006.0
-2708.0
-2488.0
-5697.0
-3001.0
-3693.0
-3822.0
-3533.0
-2440.0
-3022.0
-6865.0
-4716.0
-2958.0
-6097.0
-4833.0
-5926.0
-4927.0
-2835.0
-3162.0
-1699.0
-2148.0
-4177.0
-2916.0
-2738.0
-2243.0
-2985.0
-2899.0
-4423.0
-3942.0
-2730.0
-2940.0
-3530.0
-2491.0
-1997.0
-2911.0
-4998.0
-2884.0
-5729.0
-3120.0
-3394.0
-2215.0
-3743.0
-4540.0
-2344.0
-2520.0
-4322.0
-2405.0
-2075.0
-3036.0
-3978.0
-5288.0
-1907.0
-2259.0
-4073.0
-8050.0
-4497.0
-1853.0
-5761.0
-5183.0
-3475.0
-4129.0
-5385.0
-3019.0
-4032.0
-3245.0
-4322.0
-4013.0
-6305.0
-3064.0
-2321.0
-3228.0
-4478.0
-2380.0
-1843.0
-3462.0
-2042.0
-1608.0
-4495.0
-4791.0
-1798.0
-2499.0
-2850.0
-3255.0
-1777.0
-3265.0
-4041.0
-3781.0
-3520.0
-3738.0
-2364.0
-2516.0
-3695.0
-3452.0
-2347.0
-2292.0
-4387.0
-1726.0
-1677.0
-2017.0
-4040.0
-2792.0
-2112.0
-2321.0
-3772.0
-2141.0
-3791.0
-2862.0
-2996.0
-3992.0
-2959.0
-5201.0
-2925.0
-2843.0
-4049.0
-2529.0
-4651.0
-6967.0
-3516.0
-1863.0
-2039.0
-2627.0
-2997.0
-3487.0
-5077.0
-2785.0
-2421.0
-1961.0
-4247.0
-3889.0
-2405.0
-1797.0
-2463.0
-2605.0
-2575.0
-3187.0
-2734.0
-2649.0
-4163.0
-1612.0
-2171.0
-2372.0
-3467.0
-3894.0
-1558.0
-2662.0
-5315.0
-2016.0
-2823.0
-2491.0
-4400.0
-2664.0
-2393.0
-2123.0
-2474.0
-3525.0
-3825.0
-2390.0
-2688.0
-5455.0
-3007.0
-3471.0
-3536.0
-2625.0
-3692.0
-2013.0
-4898.0
-5839.0
-3227.0
-3290.0
-2460.0
-1829.0
-2526.0
-3867.0
-1929.0
-2298.0
-2034.0
-1990.0
-5935.0
-3571.0
-2660.0
-2550.0
-2682.0
-6602.0
-2140.0
-4097.0
-3174.0
-2923.0
-4606.0
-2796.0
-2527.0
-2531.0
-3394.0
-2681.0
-1944.0
-2028.0
-2682.0
-1796.0
-1903.0
-1914.0
-1705.0
-4878.0
-2021.0
-1599.0
-3686.0
-3194.0
-2378.0
-2249.0
-2365.0
-2190.0
-3162.0
-3165.0
-2094.0
-1947.0
-2800.0
-4163.0
-3080.0
-2399.0
-2626.0
-2475.0
-2328.0
-2065.0
-3725.0
-2174.0
-2145.0
-2915.0
-1864.0
-1761.0
-3556.0
-2396.0
-1564.0
-2046.0
-2448.0
-2741.0
-2337.0
-2132.0
-2270.0
-1772.0
-4038.0
-1936.0
-1882.0
-2283.0
-3648.0
-2594.0
-1689.0
-1751.0
-3989.0
-1572.0
-1588.0
-2814.0
-3142.0
-3593.0
-2001.0
-1399.0
-5696.0
-3650.0
-2606.0
-2428.0
-2091.0
-2664.0
-3173.0
-2493.0
-2497.0
-2164.0
-3923.0
-2328.0
-3924.0
-5581.0
-2704.0
-2277.0
-1718.0
-1494.0
-2524.0
-2579.0
-1823.0
-1539.0
-2847.0
-1760.0
-1906.0
-2326.0
-1736.0
-2399.0
-2375.0
-1882.0
-1649.0
-2521.0
-3342.0
-2764.0
-4553.0
-2758.0
-2544.0
-2364.0
-3510.0
-2704.0
-2271.0
-2287.0
-3620.0
-1816.0
-2008.0
-1871.0
-2142.0
-3148.0
-2119.0
-1773.0
-1892.0
-3549.0
-2004.0
-2170.0
-2275.0
-2021.0
-3295.0
-2527.0
-3087.0
-2189.0
-2495.0
-1811.0
-3599.0
-1803.0
-2895.0
-1711.0
-1514.0
-1596.0
-2140.0
-1856.0
-1455.0
-1586.0
-1599.0
-2041.0
-2132.0
-2985.0
-1495.0
-2241.0
-2950.0
-2430.0
-1604.0
-2208.0
-2745.0
-2388.0
-3374.0
-2139.0
-1754.0
-1596.0
-2802.0
-1699.0
-1501.0
-1550.0
-2377.0
-1759.0
-1412.0
-1620.0
-3269.0
-2556.0
-1515.0
-1493.0
-1691.0
-2683.0
-2999.0
-3344.0
-1760.0
-2316.0
-2286.0
-2262.0
-3852.0
-2187.0
-2284.0
-1887.0
-2787.0
-3455.0
-2909.0
-1691.0
-3443.0
-2621.0
-2058.0
-2159.0
-2020.0
-1883.0
-1455.0
-1255.0
-2664.0
-2273.0
-1768.0
-1848.0
-2260.0
-1538.0
-2071.0
-2672.0
-2917.0
-1967.0
-3321.0
-1730.0
-1848.0
-1544.0
-2612.0
-1719.0
-1507.0
-1662.0
-1922.0
-1697.0
-1535.0
-1568.0
-2678.0
-2239.0
-2221.0
-1730.0
-2483.0
-3140.0
-2172.0
-1380.0
-1579.0
-2157.0
-3839.0
-3314.0
-2613.0
-1724.0
-3527.0
-2033.0
-3101.0
-2230.0
-1953.0
-1533.0
-1982.0
-1920.0
-2971.0
-2197.0
-2030.0
-1743.0
-1719.0
-1648.0
-2056.0
-2356.0
-1219.0
-1445.0
-2059.0
-2185.0
-1507.0
-2036.0
-3677.0
-2194.0
-3334.0
-1539.0
-1569.0
-1569.0
-2682.0
-1805.0
-1908.0
-1783.0
-3063.0
-1587.0
-1473.0
-1862.0
-2914.0
-2079.0
-2281.0
-1544.0
-2345.0
-2630.0
-2329.0
-2667.0
-2193.0
-3147.0
-1819.0
-2919.0
-2137.0
-1635.0
-2641.0
-1935.0
-3208.0
-2446.0
-2173.0
-2168.0
-1970.0
-2458.0
-3055.0
-1899.0
-2119.0
-1708.0
-1502.0
-1619.0
-2175.0
-2091.0
-1618.0
-2270.0
-2185.0
-1737.0
-2033.0
-1762.0
-2747.0
-1766.0
-2839.0
-1772.0
-2075.0
-1517.0
-2467.0
-1363.0
-1511.0
-3296.0
-1793.0
-1618.0
-1694.0
-2366.0
-2210.0
-2779.0
-2241.0
-1409.0
-2089.0
-3048.0
-2763.0
-2212.0
-2100.0
-2356.0
-1743.0
-2303.0
-2198.0
-1905.0
-3216.0
-1976.0
-3629.0
-2792.0
-2220.0
-2030.0
-1488.0
-2876.0
-2340.0
-2155.0
-3003.0
-2333.0
-1735.0
-1460.0
-2165.0
-4186.0
-1782.0
-1846.0
-2267.0
-2410.0
-1340.0
-2049.0
-2111.0
-2221.0
-2423.0
-2183.0
-1570.0
-2260.0
-2989.0
-2046.0
-1437.0
-1560.0
-2898.0
-1799.0
-1410.0
-1453.0
-2085.0
-2327.0
-1327.0
-1627.0
-1489.0
-2870.0
-2495.0
-1271.0
-1262.0
-1597.0
-1536.0
-2123.0
-1910.0
-1612.0
-2155.0
-1332.0
-3573.0
-1958.0
-1599.0
-1622.0
-1491.0
-1323.0
-1564.0
-1596.0
-1670.0
-1504.0
-1771.0
-1491.0
-1737.0
-1910.0
-1452.0
-1837.0
-1640.0
-1592.0
-1615.0
-1535.0
-2028.0
-2081.0
-2886.0
-1461.0
-1388.0
-1515.0
-2294.0
-1724.0
-1734.0
-1479.0
-2220.0
-1800.0
-1654.0
-1494.0
-1456.0
-3913.0
-1263.0
-2259.0
-1800.0
-1712.0
-2544.0
-1274.0
-2916.0
-1766.0
-1811.0
-2449.0
-2150.0
-1346.0
-3079.0
-1942.0
-2311.0
-2986.0
-2148.0
-1796.0
-1699.0
-1436.0
-3150.0
-2049.0
-2018.0
-1867.0
-2498.0
-1268.0
-2664.0
-2831.0
-1526.0
-1747.0
-2030.0
-2668.0
-2452.0
-2063.0
-2093.0
-2403.0
-2177.0
-1381.0
-1399.0
-2193.0
-3084.0
-1553.0
-1358.0
-1266.0
-1630.0
-1382.0
-1230.0
-1369.0
-2074.0
-2226.0
-1397.0
-1335.0
-1413.0
-2057.0
-2814.0
-1796.0
-1554.0
-2131.0
-1871.0
-2093.0
-2580.0
-1490.0
-2368.0
-1697.0
-2657.0
-1648.0
-1782.0
-2068.0
-1447.0
-1338.0
-1452.0
-1740.0
-1507.0
-1489.0
-1597.0
-1458.0
-1556.0
-1945.0
-1761.0
-1511.0
-1807.0
-1511.0
-1342.0
-1492.0
-2294.0
-1891.0
-2195.0
-1536.0
-1411.0
-1372.0
-2121.0
-1319.0
-1238.0
-1381.0
-1637.0
-1654.0
-1373.0
-1753.0
-1592.0
-2778.0
-1492.0
-1390.0
-1895.0
-1935.0
-2582.0
-2155.0
-1740.0
-2069.0
-1538.0
-2164.0
-2216.0
-1940.0
-2387.0
-1512.0
-2532.0
-2319.0
-2083.0
-1572.0
-1359.0
-1661.0
-1492.0
-1773.0
-1444.0
-1266.0
-1663.0
-1307.0
-1948.0
-1615.0
-1513.0
-2009.0
-2008.0
-1852.0
-1571.0
-1560.0
-2098.0
-1373.0
-2205.0
-1309.0
-1199.0
-1460.0
-2254.0
-1273.0
-1306.0
-1442.0
-2025.0
-1640.0
-1180.0
-1047.0
-1749.0
-1965.0
-1241.0
-1573.0
-2157.0
-2115.0
-2002.0
-1514.0
-1515.0
-1915.0
-1670.0
-1846.0
-1663.0
-1280.0
-2064.0
-1739.0
-2973.0
-2317.0
-1524.0
-1614.0
-775.0
-1337.0
-1495.0
-1672.0
-1744.0
-1469.0
-1295.0
-771.0
-1788.0
-1668.0
-1018.0
-1022.0
-1565.0
-1301.0
-1484.0
-1356.0
-2580.0
-1734.0
-2973.0
-1840.0
-1512.0
-1544.0
-2455.0
-1598.0
-1242.0
-1691.0
-1983.0
-1233.0
-2181.0
-1324.0
-1590.0
-2224.0
-840.0
-1472.0
-1490.0
-2022.0
-1930.0
-1179.0
-1384.0
-2410.0
-1645.0
-1701.0
-1600.0
-1412.0
-2638.0
-1552.0
-2412.0
-2134.0
-2020.0
-1570.0
-1003.0
-2306.0
-1418.0
-1661.0
-2529.0
-1279.0
-1527.0
-739.0
-2079.0
-1261.0
-2076.0
-1236.0
-2452.0
-1517.0
-1532.0
-2010.0
-2645.0
-1409.0
-2094.0
-1934.0
-1511.0
-1606.0
-2714.0
-1382.0
-1229.0
-1528.0
-1792.0
-1610.0
-1361.0
-1777.0
-2094.0
-2241.0
-1367.0
-1903.0
-1695.0
-2336.0
-2286.0
-1605.0
-1643.0
-1504.0
-1804.0
-1978.0
-2280.0
-2018.0
-2369.0
-2602.0
-2819.0
-1900.0
-1607.0
-1475.0
-1211.0
-1305.0
-1487.0
-1896.0
-1583.0
-1607.0
-1330.0
-883.0
-2930.0
-1476.0
-1456.0
-810.0
-1544.0
-1929.0
-1648.0
-1668.0
-1969.0
-1559.0
-2102.0
-1560.0
-1398.0
-1444.0
-2553.0
-1382.0
-1329.0
-1903.0
-1688.0
-1262.0
-1296.0
-1893.0
-1838.0
-2171.0
-1047.0
-1130.0
-2022.0
-1625.0
-1861.0
-1807.0
-1429.0
-2892.0
-1618.0
-2604.0
-1709.0
-1621.0
-1814.0
-2104.0
-2786.0
-2273.0
-1679.0
-1604.0
-1214.0
-1064.0
-2139.0
-1965.0
-1296.0
-2011.0
-1219.0
-1419.0
-1924.0
-1749.0
-1986.0
-1138.0
-1541.0
-1286.0
-1218.0
-1464.0
-2977.0
-1499.0
-1852.0
-2001.0
-1092.0
-1394.0
-2743.0
-2273.0
-1105.0
-1201.0
-2653.0
-1265.0
-1207.0
-1057.0
-1442.0
-1642.0
-1109.0
-1489.0
-1440.0
-2002.0
-2884.0
-1170.0
-2225.0
-1544.0
-1453.0
-1894.0
-1834.0
-1414.0
-1820.0
-1405.0
-3010.0
-2185.0
-1410.0
-1437.0
-1175.0
-1278.0
-2009.0
-1549.0
-1301.0
-1591.0
-1307.0
-1786.0
-1544.0
-1940.0
-1532.0
-2028.0
-1526.0
-1321.0
-1436.0
-1821.0
-1756.0
-1394.0
-2016.0
-1373.0
-1246.0
-1899.0
-1833.0
-1412.0
-1490.0
-1374.0
-2055.0
-1924.0
-1676.0
-842.0
-2116.0
-1538.0
-1473.0
-1974.0
-1597.0
-1852.0
-1990.0
-1228.0
-1252.0
-1724.0
-4089.0
-1581.0
-1992.0
-1780.0
-2432.0
-1834.0
-3108.0
-1847.0
-1296.0
-3470.0
-1206.0
-1584.0
-1476.0
-1854.0
-1503.0
-1318.0
-1520.0
-1043.0
-1497.0
-1605.0
-1094.0
-1265.0
-1608.0
-1412.0
-2389.0
-1505.0
-2404.0
-1554.0
-1744.0
-1166.0
-1095.0
-1372.0
-2792.0
-3746.0
-1405.0
-1579.0
-2098.0
-1357.0
-1209.0
-912.0
-1578.0
-1299.0
-1370.0
-1268.0
-1687.0
-1889.0
-2381.0
-1223.0
-1345.0
-1846.0
-1431.0
-1462.0
-1765.0
-1322.0
-2485.0
-1830.0
-2572.0
-2519.0
-1375.0
-1362.0
-1350.0
-1179.0
-1410.0
-1565.0
-1322.0
-1557.0
-1188.0
-858.0
-1499.0
-1494.0
-1685.0
-1831.0
-3418.0
-1291.0
-1289.0
-1478.0
-1863.0
-1634.0
-1985.0
-1252.0
-1045.0
-1455.0
-2602.0
-1452.0
-1214.0
-1163.0
-1467.0
-1466.0
-1341.0
-1257.0
-1922.0
-1878.0
-1584.0
-1200.0
-1751.0
-2705.0
-1735.0
-1928.0
-1342.0
-1392.0
-1841.0
-1556.0
-1985.0
-1613.0
-1922.0
-1639.0
-2466.0
-1969.0
-1322.0
-1853.0
-1040.0
-920.0
-1313.0
-1576.0
-1072.0
-1520.0
-1149.0
-868.0
-1555.0
-1699.0
-1236.0
-993.0
-1287.0
-1292.0
-1106.0
-1837.0
-1441.0
-1216.0
-2065.0
-1168.0
-1495.0
-1126.0
-2567.0
-1357.0
-1311.0
-1164.0
-1429.0
-929.0
-641.0
-1081.0
-1404.0
-1675.0
-1364.0
-1003.0
-1230.0
-1724.0
-1937.0
-1160.0
-1573.0
-2337.0
-2488.0
-1592.0
-1785.0
-1138.0
-1771.0
-1214.0
-2727.0
-1663.0
-1581.0
-1163.0
-1032.0
-1146.0
-1602.0
-2171.0
-1447.0
-1248.0
-1226.0
-1953.0
-2021.0
-1806.0
-1051.0
-1851.0
-1626.0
-1294.0
-1270.0
-1426.0
-1342.0
-1390.0
-1688.0
-1244.0
-1229.0
-1236.0
-2488.0
-1628.0
-1080.0
-2405.0
-3532.0
-1224.0
-1046.0
-1067.0
-1389.0
-2426.0
-1088.0
-1320.0
-2906.0
-1725.0
-2408.0
-1080.0
-1224.0
-2138.0
-1353.0
-1871.0
-1628.0
-1464.0
-1930.0
-1878.0
-2234.0
-2265.0
-1652.0
-2270.0
-723.0
-1326.0
-1436.0
-1411.0
-1301.0
-636.0
-3151.0
-1033.0
-1478.0
-1862.0
-1473.0
-1981.0
-1835.0
-1448.0
-1331.0
-1909.0
-1696.0
-2501.0
-2075.0
-1198.0
-2672.0
-1209.0
-2953.0
-2204.0
-1396.0
-1389.0
-2189.0
-1862.0
-1432.0
-1073.0
-1453.0
-1618.0
-1212.0
-1678.0
-1867.0
-1666.0
-2461.0
-1411.0
-1411.0
-2747.0
-1553.0
-1918.0
-1729.0
-1541.0
-1721.0
-1461.0
-2897.0
-1525.0
-1634.0
-1283.0
-1104.0
-1249.0
-1395.0
-1381.0
-1619.0
-1074.0
-1108.0
-688.0
-1519.0
-1532.0
-1129.0
-1054.0
-1633.0
-1208.0
-1102.0
-1781.0
-1630.0
-1239.0
-2313.0
-1095.0
-751.0
-1079.0
-2472.0
-1235.0
-1038.0
-1318.0
-1624.0
-1095.0
-1037.0
-1278.0
-1385.0
-1464.0
-1119.0
-1200.0
-2333.0
-2243.0
-1607.0
-1418.0
-1888.0
-2467.0
-1663.0
-1728.0
-1613.0
-1275.0
-1937.0
-1705.0
-2670.0
-1926.0
-1608.0
-1352.0
-1366.0
-1368.0
-1321.0
-1530.0
-1182.0
-1280.0
-1096.0
-1209.0
-1365.0
-1762.0
-1023.0
-1042.0
-1326.0
-1501.0
-1106.0
-1353.0
-1823.0
-1838.0
-1980.0
-1222.0
-1056.0
-1860.0
-2230.0
-1182.0
-2231.0
-1165.0
-1413.0
-1026.0
-1523.0
-1119.0
-1436.0
-1330.0
-1031.0
-1273.0
-1220.0
-1742.0
-1654.0
-1202.0
-887.0
-1593.0
-1968.0
-1648.0
-1597.0
-1786.0
-1978.0
-1695.0
-2191.0
-1831.0
-1507.0
-1625.0
-1023.0
-1041.0
-1500.0
-1992.0
-2383.0
-1293.0
-1697.0
-965.0
-1310.0
-1736.0
-931.0
-1115.0
-1859.0
-1464.0
-1292.0
-1319.0
-1542.0
-1276.0
-1603.0
-1037.0
-1040.0
-1321.0
-1915.0
-950.0
-959.0
-1052.0
-1768.0
-1089.0
-1014.0
-531.0
-4563.0
-1225.0
-1058.0
-1059.0
-1741.0
-1809.0
-1433.0
-1155.0
-1397.0
-1731.0
-1707.0
-1874.0
-2497.0
-1235.0
-2060.0
-1630.0
-2139.0
-1788.0
-1392.0
-1315.0
-1011.0
-994.0
-2065.0
-1424.0
-1395.0
-1112.0
-1097.0
-1215.0
-1483.0
-1243.0
-1097.0
-805.0
-1417.0
-1232.0
-1799.0
-1248.0
-1680.0
-1165.0
-3387.0
-1550.0
-787.0
-1393.0
-3026.0
-1286.0
-1068.0
-1126.0
-1538.0
-1093.0
-1110.0
-952.0
-1502.0
-1842.0
-778.0
-1100.0
-1282.0
-3235.0
-1761.0
-1342.0
-997.0
-1331.0
-2108.0
-1473.0
-1466.0
-1149.0
-2014.0
-1442.0
-1802.0
-1685.0
-983.0
-1367.0
-1052.0
-1140.0
-1328.0
-1312.0
-1120.0
-1147.0
-1107.0
-1249.0
-2156.0
-2100.0
-1306.0
-1162.0
-1410.0
-1228.0
-1104.0
-1480.0
-1299.0
-1312.0
-1651.0
-1228.0
-1103.0
-1107.0
-2150.0
-1154.0
-1010.0
-1021.0
-1394.0
-1555.0
-1536.0
-1298.0
-1474.0
-1435.0
-862.0
-1055.0
-1247.0
-1511.0
-1491.0
-1076.0
-1378.0
-1848.0
-1448.0
-2376.0
-2025.0
-1589.0
-1802.0
-1460.0
-2072.0
-1507.0
-1767.0
-1235.0
-1083.0
-1146.0
-1414.0
-1449.0
-1216.0
-1306.0
-1121.0
-764.0
-1662.0
-1904.0
-1073.0
-861.0
-1674.0
-1781.0
-1018.0
-1456.0
-1624.0
-1525.0
-1565.0
-1210.0
-1270.0
-1314.0
-2112.0
-1161.0
-1276.0
-1116.0
-1370.0
-1047.0
-1503.0
-1352.0
-1449.0
-1736.0
-1172.0
-1084.0
-1351.0
-1829.0
-2867.0
-1347.0
-1503.0
-1598.0
-1496.0
-1417.0
-1607.0
-1504.0
-2267.0
-1305.0
-1806.0
-1660.0
-1564.0
-1182.0
-1096.0
-924.0
-1278.0
-1751.0
-1212.0
-1371.0
-1079.0
-861.0
-1488.0
-1656.0
-1737.0
-1177.0
-2181.0
-1222.0
-1058.0
-1687.0
-1649.0
-1528.0
-1962.0
-1192.0
-1069.0
-1105.0
-2349.0
-1175.0
-1119.0
-1140.0
-1403.0
-1046.0
-1273.0
-998.0
-1376.0
-1367.0
-989.0
-609.0
-1215.0
-2845.0
-1589.0
-1303.0
-1374.0
-1555.0
-1302.0
-1452.0
-1596.0
-1204.0
-1886.0
-1361.0
-1955.0
-1448.0
-1490.0
-1584.0
-1083.0
-1069.0
-1378.0
-1429.0
-997.0
-1066.0
-1195.0
-1015.0
-1733.0
-1945.0
-980.0
-978.0
-1647.0
-1262.0
-1065.0
-1447.0
-1482.0
-1364.0
-2614.0
-1083.0
-1048.0
-2812.0
-2789.0
-1387.0
-1056.0
-1442.0
-1397.0
-1060.0
-2938.0
-1013.0
-1561.0
-2069.0
-968.0
-1036.0
-1235.0
-1977.0
-1974.0
-1076.0
-1543.0
-1800.0
-1424.0
-1486.0
-1667.0
-1282.0
-1750.0
-1602.0
-2152.0
-1599.0
-1931.0
-1314.0
-1121.0
-1375.0
-1277.0
-1265.0
-1217.0
-1043.0
-1066.0
-515.0
-1471.0
-1516.0
-1057.0
-1040.0
-1215.0
-1275.0
-1064.0
-1482.0
-1396.0
-1354.0
-1705.0
-1080.0
-1087.0
-1348.0
-2070.0
-1372.0
-1028.0
-1068.0
-1378.0
-1158.0
-1143.0
-630.0
-1321.0
-2623.0
-1255.0
-1452.0
-1368.0
-2239.0
-1793.0
-1281.0
-1258.0
-1777.0
-2158.0
-1478.0
-2199.0
-1324.0
-1631.0
-1325.0
-2044.0
-1989.0
-1337.0
-1392.0
-703.0
-980.0
-1405.0
-1401.0
-1234.0
-1278.0
-1015.0
-576.0
-1391.0
-1788.0
-976.0
-1017.0
-1406.0
-1235.0
-1074.0
-1384.0
-1403.0
-1125.0
-1631.0
-1035.0
-1045.0
-1344.0
-1901.0
-1079.0
-532.0
-1072.0
-1447.0
-1002.0
-991.0
-1091.0
-1305.0
-1311.0
-1023.0
-802.0
-1163.0
-1657.0
-1397.0
-1159.0
-888.0
-1444.0
-1388.0
-2211.0
-1541.0
-1100.0
-1580.0
-1397.0
-2064.0
-1484.0
-1425.0
-1235.0
-665.0
-1120.0
-1245.0
-1290.0
-1176.0
-1174.0
-1034.0
-755.0
-1415.0
-2510.0
-1003.0
-720.0
-1339.0
-1276.0
-1032.0
-1540.0
-1624.0
-1152.0
-1832.0
-1796.0
-1031.0
-1233.0
-2355.0
-1055.0
-1009.0
-1121.0
-1350.0
-1011.0
-974.0
-1050.0
-1423.0
-1394.0
-961.0
-1125.0
-1131.0
-1815.0
-2034.0
-1065.0
-1216.0
-2147.0
-1279.0
-1427.0
-1778.0
-1103.0
-1769.0
-1698.0
-2007.0
-1319.0
-1567.0
-1318.0
-678.0
-992.0
-1144.0
-1361.0
-1116.0
-1074.0
-1098.0
-1048.0
-2223.0
-1451.0
-958.0
-1127.0
-1381.0
-1141.0
-1257.0
-1448.0
-1332.0
-1154.0
-1816.0
-1094.0
-1824.0
-1151.0
-1836.0
-1138.0
-1271.0
-1236.0
-1486.0
-1021.0
-1005.0
-967.0
-1408.0
-1466.0
-1009.0
-885.0
-1134.0
-1868.0
-1623.0
-1030.0
-1119.0
-1637.0
-1394.0
-1506.0
-1932.0
-1249.0
-1659.0
-1522.0
-1725.0
-1754.0
-1318.0
-1190.0
-1034.0
-1089.0
-1211.0
-1449.0
-1605.0
-614.0
-1082.0
-1077.0
-1719.0
-1392.0
-1012.0
-1031.0
-1250.0
-1232.0
-1114.0
-1295.0
-1731.0
-1378.0
-1628.0
-1358.0
-1093.0
-1109.0
-2080.0
-1122.0
-989.0
-1160.0
-1558.0
-1083.0
-1113.0
-874.0
-1506.0
-1280.0
-1049.0
-1007.0
-1151.0
-1734.0
-2277.0
-1063.0
-1220.0
-1723.0
-1175.0
-1849.0
-1730.0
-1150.0
-2442.0
-1306.0
-2212.0
-1843.0
-1489.0
-1246.0
-1064.0
-1005.0
-1229.0
-1367.0
-1216.0
-875.0
-1036.0
-999.0
-1275.0
-1855.0
-967.0
-1021.0
-1394.0
-1516.0
-884.0
-1344.0
-1389.0
-1253.0
-2032.0
-1193.0
-838.0
-1117.0
-1968.0
-1011.0
-607.0
-998.0
-1356.0
-953.0
-960.0
-1084.0
-1275.0
-1310.0
-1031.0
-1038.0
-1834.0
-1594.0
-1683.0
-1084.0
-1160.0
-1470.0
-1491.0
-1456.0
-1429.0
-1037.0
-1713.0
-1316.0
-2160.0
-1571.0
-1574.0
-1158.0
-1108.0
-1031.0
-1205.0
-1339.0
-1201.0
-1118.0
-1525.0
-772.0
-2110.0
-1428.0
-969.0
-1052.0
-1223.0
-1205.0
-1063.0
-995.0
-1377.0
-1228.0
-1575.0
-1117.0
-822.0
-1124.0
-2067.0
-1168.0
-1011.0
-1103.0
-1345.0
-1023.0
-1023.0
-1156.0
-1826.0
-1351.0
-1045.0
-1027.0
-1592.0
-1638.0
-1449.0
-1239.0
-1378.0
-1594.0
-1404.0
-1292.0
-1496.0
-1093.0
-2074.0
-1348.0
-2704.0
-1472.0
-1327.0
-1122.0
-987.0
-997.0
-1405.0
-1342.0
-1122.0
-1203.0
-1007.0
-984.0
-1322.0
-1330.0
-987.0
-1015.0
-1259.0
-1189.0
-998.0
-1275.0
-1517.0
-1240.0
-1703.0
-1080.0
-545.0
-1209.0
-2042.0
-1048.0
-1038.0
-1070.0
-1382.0
-1068.0
-1114.0
-1001.0
-1316.0
-1291.0
-1031.0
-958.0
-1358.0
-1820.0
-1558.0
-1086.0
-3305.0
-1422.0
-1185.0
-1586.0
-1446.0
-1179.0
-1985.0
-1462.0
-2970.0
-1758.0
-1652.0
-1296.0
-512.0
-1031.0
-1181.0
-1391.0
-1340.0
-807.0
-1274.0
-1006.0
-1396.0
-1582.0
-1034.0
-975.0
-1207.0
-1204.0
-1000.0
-1494.0
-3100.0
-1537.0
-3013.0
-1176.0
-1085.0
-1058.0
-2155.0
-1062.0
-1014.0
-1254.0
-1251.0
-1163.0
-2711.0
-988.0
-1530.0
-1555.0
-988.0
-962.0
-1424.0
-1653.0
-2033.0
-1333.0
-1102.0
-1352.0
-1464.0
-1414.0
-1604.0
-1105.0
-1816.0
-1339.0
-1751.0
-1279.0
-1576.0
-1202.0
-1002.0
-1015.0
-1172.0
-1353.0
-1049.0
-1140.0
-991.0
-1003.0
-1385.0
-1464.0
-1104.0
-694.0
-1210.0
-1214.0
-918.0
-1229.0
-1399.0
-1203.0
-1583.0
-1042.0
-1008.0
-1016.0
-2293.0
-1074.0
-979.0
-1036.0
-1700.0
-1095.0
-1065.0
-1168.0
-1368.0
-1389.0
-1040.0
-971.0
-1236.0
-1547.0
-1634.0
-1054.0
-1203.0
-1764.0
-1286.0
-1490.0
-1502.0
-1333.0
-1926.0
-1323.0
-1962.0
-1347.0
-1545.0
-1148.0
-551.0
-1208.0
-1262.0
-1296.0
-1139.0
-1166.0
-1022.0
-428.0
-1306.0
-1435.0
-986.0
-1004.0
-1261.0
-1236.0
-1048.0
-1195.0
-1361.0
-1207.0
-1636.0
-1155.0
-1008.0
-1124.0
-1994.0
-1459.0
-1019.0
-1122.0
-1926.0
-991.0
-1003.0
-970.0
-1323.0
-1201.0
-817.0
-1473.0
-1243.0
-2910.0
-1500.0
-1040.0
-1281.0
-1317.0
-1314.0
-1366.0
-1696.0
-1120.0
-1653.0
-1300.0
-1963.0
-1813.0
-2135.0
-1135.0
-1055.0
-1088.0
-1302.0
-1173.0
-1267.0
-1063.0
-1001.0
-596.0
-2032.0
-1868.0
-671.0
-992.0
-1590.0
-1151.0
-1131.0
-1191.0
-1616.0
-1181.0
-1679.0
-1064.0
-806.0
-1080.0
-2319.0
-1088.0
-997.0
-1030.0
-1454.0
-1003.0
-975.0
-538.0
-1332.0
-1330.0
-967.0
-898.0
-1310.0
-1626.0
-1383.0
-1070.0
-1168.0
-1706.0
-1231.0
-1426.0
-1589.0
-1128.0
-2059.0
-1218.0
-2017.0
-1328.0
-1276.0
-1137.0
-2174.0
-1080.0
-1254.0
-1238.0
-1055.0
-603.0
-1060.0
-957.0
-1341.0
-1317.0
-813.0
-1001.0
-1322.0
-1177.0
-1048.0
-1310.0
-1594.0
-1140.0
-1489.0
-1119.0
-1255.0
-1181.0
-2102.0
-770.0
-1030.0
-1039.0
-1353.0
-981.0
-992.0
-413.0
-1276.0
-1199.0
-1016.0
-996.0
-1210.0
-2095.0
-1508.0
-1101.0
-1168.0
-1369.0
-1298.0
-1527.0
-1450.0
-1046.0
-2059.0
-1296.0
-1843.0
-1508.0
-1388.0
-1251.0
-1334.0
-1085.0
-1158.0
-1198.0
-1109.0
-1077.0
-1153.0
-654.0
-1467.0
-1660.0
-955.0
-1088.0
-1539.0
-764.0
-1107.0
-1211.0
-1474.0
-1199.0
-1592.0
-1109.0
-1016.0
-1128.0
-2187.0
-1066.0
-1006.0
-1045.0
-1263.0
-1008.0
-1214.0
-977.0
-1297.0
-1617.0
-539.0
-1161.0
-1521.0
-1804.0
-1370.0
-1084.0
-1184.0
-1363.0
-1430.0
-1533.0
-1503.0
-1325.0
-1964.0
-1336.0
-1805.0
-1596.0
-1477.0
-1212.0
-819.0
-716.0
-1233.0
-1193.0
-1159.0
-1036.0
-1007.0
-1189.0
-1319.0
-1404.0
-983.0
-969.0
-1224.0
-1280.0
-997.0
-2482.0
-1418.0
-1173.0
-3264.0
-1139.0
-1031.0
-2239.0
-2360.0
-1022.0
-1090.0
-1765.0
-1391.0
-717.0
-1007.0
-954.0
-1237.0
-1264.0
-551.0
-1169.0
-1168.0
-1626.0
-1876.0
-1049.0
-1098.0
-1318.0
-1156.0
-1340.0
-1551.0
-889.0
-1777.0
-1343.0
-1650.0
-1551.0
-1394.0
-1152.0
-954.0
-966.0
-1153.0
-1381.0
-1148.0
-1133.0
-1103.0
-540.0
-1389.0
-1271.0
-980.0
-984.0
-1190.0
-1169.0
-1059.0
-1162.0
-1327.0
-1213.0
-4288.0
-1091.0
-1047.0
-1195.0
-2734.0
-1318.0
-1048.0
-1034.0
-1521.0
-1175.0
-1117.0
-793.0
-1353.0
-1263.0
-1055.0
-1031.0
-1106.0
-1596.0
-1623.0
-1148.0
-665.0
-1602.0
-1252.0
-1471.0
-1467.0
-1281.0
-1743.0
-1165.0
-2254.0
-1242.0
-1238.0
-1134.0
-1092.0
-999.0
-1328.0
-1241.0
-1251.0
-603.0
-1319.0
-1477.0
-2909.0
-1267.0
-1596.0
-958.0
-1769.0
-1148.0
-669.0
-1272.0
-1302.0
-1069.0
-1513.0
-690.0
-978.0
-1056.0
-2369.0
-1017.0
-994.0
-1097.0
-1369.0
-985.0
-977.0
-1040.0
-1174.0
-1299.0
-970.0
-987.0
-1134.0
-2126.0
-2243.0
-1090.0
-1076.0
-3061.0
-1490.0
-1809.0
-1506.0
-1218.0
-2058.0
-1331.0
-1852.0
-1609.0
-1310.0
-1135.0
-1043.0
-991.0
-1228.0
-1426.0
-1131.0
-1069.0
-991.0
-1027.0
-1285.0
-1528.0
-976.0
-971.0
-1343.0
-1127.0
-1081.0
-1527.0
-1573.0
-1141.0
-1711.0
-1008.0
-1263.0
-1023.0
-2210.0
-1054.0
-974.0
-1017.0
-1384.0
-971.0
-985.0
-1079.0
-1379.0
-1218.0
-986.0
-953.0
-1219.0
-1510.0
-1587.0
-1066.0
-1159.0
-1956.0
-1186.0
-1291.0
-1452.0
-1135.0
-1645.0
-1210.0
-1921.0
-1758.0
-1407.0
-1222.0
-1006.0
-601.0
-1216.0
-1295.0
-744.0
-1060.0
-987.0
-963.0
-1354.0
-1763.0
-396.0
-986.0
-1134.0
-1169.0
-1005.0
-1157.0
-1492.0
-1062.0
-1857.0
-1477.0
-1042.0
-1154.0
-2056.0
-1088.0
-998.0
-1099.0
-1418.0
-1016.0
-640.0
-4058.0
-1223.0
-1518.0
-388.0
-940.0
-1131.0
-1678.0
-1527.0
-2024.0
-3348.0
-1784.0
-1347.0
-1610.0
-1486.0
-1142.0
-1672.0
-1667.0
-2334.0
-1609.0
-1774.0
-1301.0
-999.0
-969.0
-1276.0
-1265.0
-1150.0
-1039.0
-1000.0
-985.0
-1441.0
-1327.0
-951.0
-657.0
-1152.0
-1171.0
-975.0
-1240.0
-1265.0
-1220.0
-1436.0
-998.0
-1068.0
-1080.0
-2296.0
-1058.0
-464.0
-1023.0
-1561.0
-969.0
-1201.0
-953.0
-1172.0
-1164.0
-456.0
-1025.0
-1141.0
-1775.0
-1407.0
-1052.0
-777.0
-1344.0
-1700.0
-1531.0
-1474.0
-1121.0
-1722.0
-1465.0
-2090.0
-1490.0
-1590.0
-1494.0
-979.0
-1161.0
-1278.0
-1269.0
-1104.0
-1020.0
-1031.0
-951.0
-1394.0
-1562.0
-1500.0
-1664.0
-1145.0
-1164.0
-1070.0
-1229.0
-1383.0
-1191.0
-1688.0
-1129.0
-969.0
-1182.0
-2411.0
-1531.0
-961.0
-1053.0
-1368.0
-1037.0
-973.0
-968.0
-1219.0
-1300.0
-529.0
-961.0
-1108.0
-1525.0
-1960.0
-1003.0
-1074.0
-1537.0
-1412.0
-1619.0
-1654.0
-1166.0
-1700.0
-1277.0
-1888.0
-1213.0
-1412.0
-1194.0
-939.0
-979.0
-1181.0
-1219.0
-1336.0
-697.0
-1033.0
-969.0
-1374.0
-1249.0
-958.0
-981.0
-1120.0
-1166.0
-983.0
-1194.0
-1262.0
-1096.0
-1679.0
-1158.0
-931.0
-1066.0
-2289.0
-1052.0
-938.0
-1080.0
-1369.0
-1015.0
-988.0
-974.0
-1163.0
-1712.0
-364.0
-1006.0
-1800.0
-1647.0
-1481.0
-1012.0
-1103.0
-1282.0
-1477.0
-1274.0
-1470.0
-1188.0
-1566.0
-1185.0
-1773.0
-1388.0
-1212.0
-1440.0
-764.0
-1026.0
-1112.0
-1269.0
-1067.0
-1104.0
-1016.0
-961.0
-1402.0
-1318.0
-981.0
-970.0
-1126.0
-1249.0
-1073.0
-1294.0
-1389.0
-1171.0
-1537.0
-1096.0
-659.0
-1059.0
-1988.0
-1095.0
-1059.0
-1054.0
-1338.0
-965.0
-971.0
-973.0
-1316.0
-1387.0
-1034.0
-981.0
-1200.0
-1489.0
-1740.0
-1072.0
-1138.0
-1432.0
-1051.0
-1375.0
-1447.0
-1140.0
-1665.0
-1265.0
-1914.0
-1228.0
-1156.0
-1083.0
-1039.0
-1047.0
-1190.0
-1205.0
-1169.0
-1088.0
-1103.0
-406.0
-1474.0
-1228.0
-981.0
-1033.0
-1197.0
-1175.0
-1014.0
-1159.0
-1300.0
-1112.0
-1388.0
-1050.0
-1553.0
-1045.0
-1948.0
-1168.0
-1005.0
-1020.0
-1407.0
-1653.0
-999.0
-961.0
-1147.0
-1206.0
-502.0
-961.0
-1219.0
-1709.0
-1435.0
-994.0
-1113.0
-1261.0
-1444.0
-1356.0
-1364.0
-1051.0
-2045.0
-1195.0
-1485.0
-1483.0
-1349.0
-1226.0
-1088.0
-1101.0
-1206.0
-1240.0
-1168.0
-1058.0
-1316.0
-952.0
-1736.0
-1265.0
-765.0
-983.0
-1279.0
-1132.0
-972.0
-1163.0
-1300.0
-1237.0
-1783.0
-1020.0
-984.0
-1052.0
-2506.0
-1081.0
-994.0
-1002.0
-1445.0
-1315.0
-997.0
-1012.0
-2269.0
-1203.0
-416.0
-1078.0
-1157.0
-1485.0
-1782.0
-1035.0
-1195.0
-1590.0
-1320.0
-1513.0
-1468.0
-1092.0
-2497.0
-1205.0
-2065.0
-1368.0
-1221.0
-1210.0
-965.0
-1063.0
-1127.0
-1185.0
-1115.0
-1152.0
-1021.0
-994.0
-1347.0
-1311.0
-1001.0
-947.0
-1228.0
-1185.0
-997.0
-1223.0
-1388.0
-1164.0
-1476.0
-1036.0
-994.0
-1028.0
-2047.0
-1086.0
-1025.0
-1069.0
-1408.0
-963.0
-780.0
-963.0
-1210.0
-1325.0
-949.0
-1018.0
-1186.0
-1569.0
-1536.0
-1036.0
-1075.0
-1936.0
-1315.0
-1370.0
-1537.0
-1052.0
-1518.0
-1235.0
-1790.0
-1441.0
-1269.0
-1240.0
-997.0
-985.0
-1174.0
-1140.0
-1152.0
-1015.0
-977.0
-969.0
-1336.0
-1414.0
-596.0
-941.0
-1130.0
-1137.0
-982.0
-1156.0
-1315.0
-1163.0
-1798.0
-1031.0
-974.0
-1133.0
-1789.0
-1076.0
-978.0
-1036.0
-1280.0
-1012.0
-1099.0
-942.0
-1182.0
-1168.0
-490.0
-969.0
-1090.0
-1572.0
-1974.0
-1070.0
-1076.0
-1394.0
-1174.0
-1649.0
-1429.0
-1078.0
-1572.0
-1286.0
-1770.0
-1131.0
-1251.0
-1102.0
-983.0
-1071.0
-1146.0
-1269.0
-908.0
-1069.0
-981.0
-1000.0
-1394.0
-1305.0
-967.0
-987.0
-1215.0
-1130.0
-1004.0
-1418.0
-1366.0
-1087.0
-1536.0
-995.0
-1092.0
-1057.0
-2156.0
-1024.0
-1014.0
-1059.0
-1282.0
-1007.0
-1036.0
-993.0
-1227.0
-1183.0
-553.0
-1039.0
-1135.0
-1572.0
-1628.0
-1005.0
-1104.0
-1580.0
-1568.0
-1406.0
-1415.0
-1065.0
-1772.0
-1249.0
-1740.0
-1295.0
-1236.0
-1076.0
-964.0
-963.0
-1148.0
-1282.0
-956.0
-844.0
-1011.0
-1036.0
-1253.0
-1431.0
-960.0
-946.0
-1204.0
-1158.0
-1702.0
-1161.0
-1326.0
-1145.0
-1466.0
-1165.0
-992.0
-1053.0
-2137.0
-1028.0
-645.0
-1056.0
-1339.0
-977.0
-1008.0
-984.0
-1236.0
-1376.0
-953.0
-1010.0
-1189.0
-1637.0
-1460.0
-1040.0
-1090.0
-1305.0
-1353.0
-1387.0
-1728.0
-1060.0
-1500.0
-1358.0
-1847.0
-1225.0
-1266.0
-1235.0
-955.0
-979.0
-1190.0
-1545.0
-1035.0
-1126.0
-957.0
-977.0
-1398.0
-1235.0
-941.0
-984.0
-1181.0
-1157.0
-977.0
-1158.0
-1359.0
-1161.0
-1781.0
-1119.0
-993.0
-1060.0
-2058.0
-1037.0
-678.0
-1000.0
-1310.0
-975.0
-955.0
-940.0
-1253.0
-1157.0
-958.0
-952.0
-1116.0
-1694.0
-1442.0
-1027.0
-866.0
-1968.0
-1329.0
-1325.0
-1612.0
-1077.0
-1986.0
-1225.0
-1970.0
-1489.0
-712.0
-1294.0
-1122.0
-982.0
-2383.0
-1132.0
-1087.0
-1095.0
-1002.0
-352.0
-1232.0
-1273.0
-671.0
-961.0
-1185.0
-2739.0
-1079.0
-1114.0
-1494.0
-1515.0
-1536.0
-1026.0
-810.0
-1164.0
-1277.0
-1053.0
-972.0
-1866.0
-1468.0
-991.0
-1003.0
-980.0
-1237.0
-1151.0
-1135.0
-1062.0
-1130.0
-1713.0
-1652.0
-599.0
-1044.0
-1798.0
-1257.0
-1435.0
-1384.0
-1052.0
-1581.0
-1323.0
-1767.0
-1219.0
-1180.0
-1163.0
-1520.0
-963.0
-1157.0
-1295.0
-1095.0
-729.0
-1022.0
-946.0
-1357.0
-1367.0
-954.0
-982.0
-1196.0
-1172.0
-997.0
-853.0
-1432.0
-1276.0
-1480.0
-1121.0
-971.0
-1121.0
-1818.0
-1026.0
-995.0
-1001.0
-1287.0
-963.0
-980.0
-602.0
-1312.0
-1262.0
-957.0
-954.0
-1186.0
-1567.0
-1673.0
-1047.0
-1088.0
-1586.0
-1197.0
-1370.0
-1873.0
-1043.0
-1768.0
-1233.0
-1904.0
-1170.0
-1204.0
-1196.0
-959.0
-968.0
-1128.0
-1462.0
-1096.0
-1153.0
-961.0
-306.0
-1379.0
-1196.0
-953.0
-957.0
-1334.0
-1093.0
-983.0
-1183.0
-1370.0
-1081.0
-1394.0
-1184.0
-499.0
-1071.0
-2306.0
-1019.0
-1007.0
-1000.0
-1693.0
-1029.0
-1106.0
-1065.0
-1137.0
-1474.0
-998.0
-807.0
-1464.0
-1948.0
-1572.0
-1150.0
-1358.0
-1574.0
-1260.0
-1662.0
-1587.0
-771.0
-1797.0
-1307.0
-1773.0
-1622.0
-1246.0
-1177.0
-951.0
-1005.0
-1185.0
-1252.0
-731.0
-1093.0
-1000.0
-990.0
-1329.0
-1419.0
-579.0
-959.0
-1164.0
-1128.0
-1158.0
-1265.0
-1468.0
-1094.0
-1592.0
-985.0
-978.0
-1035.0
-2459.0
-1009.0
-1034.0
-1030.0
-1202.0
-975.0
-722.0
-948.0
-1255.0
-1208.0
-943.0
-944.0
-1137.0
-1506.0
-1636.0
-1015.0
-1079.0
-1369.0
-1169.0
-1564.0
-1249.0
-1033.0
-1764.0
-1237.0
-1901.0
-1318.0
-1438.0
-610.0
-993.0
-633.0
-1282.0
-1351.0
-1006.0
-676.0
-1003.0
-586.0
-2784.0
-1335.0
-1042.0
-981.0
-1212.0
-881.0
-581.0
-1325.0
-1504.0
-1070.0
-2288.0
-1006.0
-631.0
-703.0
-1802.0
-1036.0
-608.0
-853.0
-1278.0
-660.0
-598.0
-965.0
-1243.0
-1228.0
-732.0
-960.0
-1120.0
-1540.0
-1486.0
-565.0
-1172.0
-1629.0
-1198.0
-1618.0
-2094.0
-1761.0
-1991.0
-1237.0
-1543.0
-1410.0
-1283.0
-1075.0
-614.0
-973.0
-1122.0
-1213.0
-682.0
-1065.0
-1028.0
-942.0
-1266.0
-1366.0
-968.0
-933.0
-1814.0
-877.0
-972.0
-1172.0
-1419.0
-1226.0
-1571.0
-1031.0
-998.0
-1019.0
-1820.0
-1047.0
-1053.0
-1032.0
-1205.0
-959.0
-533.0
-966.0
-1145.0
-1137.0
-479.0
-1002.0
-1112.0
-1465.0
-1625.0
-682.0
-1099.0
-1613.0
-1341.0
-1346.0
-1573.0
-1127.0
-1634.0
-1154.0
-1713.0
-1412.0
-1394.0
-1070.0
-987.0
-533.0
-1114.0
-1267.0
-1103.0
-1019.0
-992.0
-590.0
-1313.0
-1321.0
-981.0
-657.0
-1220.0
-1145.0
-1014.0
-1161.0
-1300.0
-1210.0
-1618.0
-1163.0
-982.0
-1028.0
-1902.0
-1033.0
-726.0
-1062.0
-1215.0
-990.0
-986.0
-987.0
-1184.0
-1195.0
-989.0
-934.0
-1161.0
-1560.0
-2246.0
-1107.0
-1161.0
-1359.0
-1235.0
-1273.0
-1459.0
-743.0
-1622.0
-1323.0
-1543.0
-1389.0
-1175.0
-1233.0
-965.0
-980.0
-1162.0
-1189.0
-677.0
-994.0
-1027.0
-970.0
-1432.0
-1156.0
-611.0
-942.0
-1267.0
-1087.0
-966.0
-1245.0
-1436.0
-1087.0
-1563.0
-1110.0
-613.0
-1048.0
-1780.0
-1020.0
-966.0
-1065.0
-1329.0
-1041.0
-1077.0
-968.0
-1172.0
-1138.0
-487.0
-1005.0
-1180.0
-1576.0
-1570.0
-782.0
-670.0
-1392.0
-1232.0
-1347.0
-1702.0
-1217.0
-1605.0
-1352.0
-1723.0
-1284.0
-1256.0
-1127.0
-950.0
-994.0
-1163.0
-1345.0
-762.0
-601.0
-982.0
-544.0
-1217.0
-1353.0
-944.0
-962.0
-1176.0
-1113.0
-984.0
-1116.0
-1396.0
-1165.0
-1703.0
-1057.0
-977.0
-1081.0
-2549.0
-1043.0
-1005.0
-1006.0
-1266.0
-957.0
-994.0
-1010.0
-1207.0
-2801.0
-607.0
-1013.0
-1087.0
-1435.0
-1430.0
-1049.0
-1075.0
-1420.0
-796.0
-1506.0
-1455.0
-652.0
-2034.0
-1181.0
-1981.0
-1178.0
-1309.0
-2268.0
-542.0
-1021.0
-1087.0
-1215.0
-565.0
-974.0
-585.0
-1016.0
-1402.0
-782.0
-943.0
-598.0
-1403.0
-1109.0
-1107.0
-1110.0
-1343.0
-1189.0
-1573.0
-1119.0
-550.0
-1054.0
-2191.0
-1108.0
-674.0
-662.0
-1478.0
-945.0
-1618.0
-542.0
-1197.0
-1204.0
-733.0
-948.0
-1113.0
-1503.0
-1637.0
-1011.0
-1092.0
-1776.0
-1284.0
-1260.0
-1581.0
-1185.0
-1516.0
-1247.0
-1804.0
-1167.0
-1557.0
-1123.0
-961.0
-980.0
-1172.0
-1300.0
-1037.0
-1013.0
-1000.0
-933.0
-1511.0
-822.0
-932.0
-1033.0
-1120.0
-1122.0
-1003.0
-1116.0
-1256.0
-1156.0
-1389.0
-1120.0
-970.0
-1023.0
-2234.0
-1095.0
-965.0
-1018.0
-1304.0
-1006.0
-1016.0
-954.0
-1255.0
-1140.0
-971.0
-961.0
-1187.0
-1548.0
-1471.0
-1018.0
-1092.0
-1423.0
-1207.0
-1303.0
-1486.0
-778.0
-1540.0
-1358.0
-1619.0
-1227.0
-1485.0
-1196.0
-1001.0
-1107.0
-1170.0
-818.0
-729.0
-1095.0
-1005.0
-998.0
-1374.0
-1608.0
-947.0
-945.0
-1202.0
-1105.0
-1011.0
-1150.0
-1406.0
-1123.0
-1558.0
-1001.0
-1024.0
-1122.0
-2746.0
-1022.0
-623.0
-1036.0
-1527.0
-1548.0
-1028.0
-1017.0
-1234.0
-1146.0
-943.0
-976.0
-1433.0
-1532.0
-1363.0
-1118.0
-1097.0
-1673.0
-1188.0
-1328.0
-1544.0
-882.0
-1741.0
-1198.0
-1599.0
-1346.0
-1377.0
-1227.0
-1002.0
-1016.0
-1139.0
-1269.0
-1140.0
-1015.0
-1010.0
-537.0
-1449.0
-1248.0
-1204.0
-493.0
-1161.0
-1144.0
-1082.0
-1148.0
-1424.0
-1154.0
-1358.0
-992.0
-991.0
-1153.0
-2313.0
-1075.0
-1096.0
-980.0
-1279.0
-1002.0
-982.0
-979.0
-1231.0
-1202.0
-971.0
-963.0
-1122.0
-1530.0
-1393.0
-1010.0
-1073.0
-1553.0
-1218.0
-1359.0
-1655.0
-1078.0
-1796.0
-1225.0
-1585.0
-1338.0
-1249.0
-1145.0
-951.0
-959.0
-1107.0
-1188.0
-1021.0
-1116.0
-990.0
-973.0
-1365.0
-1149.0
-941.0
-946.0
-1228.0
-1323.0
-980.0
-1201.0
-1362.0
-1153.0
-1449.0
-1108.0
-975.0
-1055.0
-2613.0
-1002.0
-944.0
-1008.0
-1336.0
-1002.0
-991.0
-950.0
-1364.0
-1210.0
-937.0
-974.0
-1242.0
-1535.0
-1737.0
-1043.0
-1024.0
-1260.0
-1214.0
-1447.0
-1436.0
-1034.0
-1941.0
-1429.0
-1420.0
-1248.0
-1138.0
-1142.0
-996.0
-983.0
-1114.0
-1195.0
-758.0
-987.0
-1042.0
-987.0
-1286.0
-1360.0
-959.0
-932.0
-1191.0
-1152.0
-982.0
-1187.0
-1298.0
-1063.0
-1652.0
-1025.0
-1004.0
-1024.0
-2336.0
-1004.0
-1000.0
-1072.0
-1276.0
-951.0
-984.0
-957.0
-1676.0
-1156.0
-937.0
-963.0
-1208.0
-1616.0
-1507.0
-1015.0
-1037.0
-1370.0
-1292.0
-1350.0
-1490.0
-1109.0
-1889.0
-1242.0
-1902.0
-1131.0
-1100.0
-1101.0
-957.0
-1049.0
-1090.0
-1304.0
-1100.0
-978.0
-1052.0
-372.0
-1441.0
-1136.0
-1078.0
-976.0
-1202.0
-1210.0
-1059.0
-1077.0
-1423.0
-1235.0
-2017.0
-1058.0
-1006.0
-1476.0
-7621.0
-1113.0
-957.0
-1079.0
-1162.0
-934.0
-1037.0
-995.0
-1286.0
-1151.0
-975.0
-571.0
-1223.0
-1547.0
-2104.0
-976.0
-1126.0
-1512.0
-1425.0
-1395.0
-1549.0
-1289.0
-1783.0
-1521.0
-1492.0
-1227.0
-1261.0
-1231.0
-1064.0
-1040.0
-1123.0
-1301.0
-1016.0
-1095.0
-995.0
-540.0
-1461.0
-1252.0
-1029.0
-947.0
-1386.0
-1083.0
-974.0
-1106.0
-1737.0
-1057.0
-1524.0
-1080.0
-986.0
-1089.0
-3915.0
-1113.0
-1001.0
-1036.0
-1286.0
-1006.0
-1019.0
-1035.0
-1169.0
-1159.0
-937.0
-629.0
-1154.0
-1493.0
-1604.0
-1022.0
-1163.0
-1509.0
-1081.0
-1826.0
-1540.0
-1018.0
-1832.0
-1267.0
-1624.0
-1256.0
-1399.0
-1091.0
-1112.0
-995.0
-1164.0
-1396.0
-1137.0
-980.0
-957.0
-463.0
-2237.0
-1362.0
-947.0
-968.0
-1103.0
-1167.0
-989.0
-1147.0
-1257.0
-1146.0
-1752.0
-1015.0
-1047.0
-1205.0
-2536.0
-1043.0
-1021.0
-1031.0
-1259.0
-956.0
-1006.0
-956.0
-1251.0
-1201.0
-942.0
-947.0
-1143.0
-1379.0
-1498.0
-1109.0
-1106.0
-1314.0
-1231.0
-1344.0
-1582.0
-1038.0
-1867.0
-1388.0
-1643.0
-1285.0
-1513.0
-1184.0
-708.0
-973.0
-1115.0
-1214.0
-1027.0
-1047.0
-1003.0
-364.0
-1220.0
-1160.0
-989.0
-957.0
-1121.0
-1131.0
-989.0
-1164.0
-1358.0
-1094.0
-1476.0
-1036.0
-1009.0
-1052.0
-2003.0
-1082.0
-986.0
-1039.0
-1284.0
-1009.0
-969.0
-972.0
-1150.0
-1087.0
-1007.0
-1033.0
-1200.0
-1541.0
-1473.0
-1052.0
-1039.0
-1427.0
-1173.0
-1264.0
-1361.0
-1089.0
-1665.0
-1186.0
-1560.0
-1156.0
-1285.0
-1133.0
-986.0
-975.0
-1181.0
-1269.0
-775.0
-1004.0
-1057.0
-974.0
-1280.0
-1217.0
-955.0
-936.0
-1251.0
-1115.0
-1023.0
-755.0
-1366.0
-1110.0
-1340.0
-1006.0
-1013.0
-1107.0
-2156.0
-1051.0
-403.0
-1051.0
-1522.0
-979.0
-956.0
-956.0
-1201.0
-1326.0
-449.0
-961.0
-1153.0
-1412.0
-1484.0
-1020.0
-1048.0
-1370.0
-1237.0
-1388.0
-1525.0
-1086.0
-1718.0
-1270.0
-1419.0
-1220.0
-1244.0
-1258.0
-956.0
-987.0
-1092.0
-1261.0
-718.0
-983.0
-997.0
-964.0
-1318.0
-1293.0
-993.0
-991.0
-1132.0
-1141.0
-994.0
-1153.0
-1597.0
-1122.0
-1379.0
-1050.0
-951.0
-1090.0
-2481.0
-998.0
-991.0
-1046.0
-1232.0
-944.0
-971.0
-1039.0
-1325.0
-1152.0
-950.0
-992.0
-1136.0
-1334.0
-1506.0
-994.0
-1078.0
-1309.0
-1243.0
-1539.0
-1350.0
-1102.0
-1813.0
-1309.0
-1662.0
-1256.0
-1259.0
-1204.0
-980.0
-993.0
-1108.0
-1181.0
-1038.0
-1213.0
-986.0
-927.0
-1181.0
-1156.0
-948.0
-943.0
-1112.0
-1118.0
-970.0
-1167.0
-1401.0
-1170.0
-1905.0
-1103.0
-1075.0
-1090.0
-2307.0
-1027.0
-526.0
-990.0
-1525.0
-989.0
-960.0
-958.0
-1306.0
-1156.0
-930.0
-642.0
-1160.0
-1561.0
-1582.0
-1013.0
-1034.0
-1439.0
-996.0
-1285.0
-1441.0
-1105.0
-1698.0
-1161.0
-1621.0
-1148.0
-1128.0
-1132.0
-955.0
-1005.0
-1151.0
-1374.0
-1070.0
-1017.0
-1048.0
-574.0
-1284.0
-1111.0
-538.0
-992.0
-1158.0
-1184.0
-982.0
-736.0
-1487.0
-1117.0
-1513.0
-1027.0
-1016.0
-1061.0
-2291.0
-1013.0
-976.0
-1016.0
-1355.0
-965.0
-968.0
-594.0
-1194.0
-1208.0
-1024.0
-964.0
-1113.0
-1445.0
-1464.0
-1014.0
-1001.0
-1334.0
-1190.0
-1561.0
-1330.0
-1130.0
-1823.0
-1132.0
-1586.0
-1235.0
-1237.0
-1172.0
-733.0
-1016.0
-1107.0
-1182.0
-1080.0
-1059.0
-994.0
-942.0
-1297.0
-1421.0
-934.0
-559.0
-1217.0
-1082.0
-969.0
-1327.0
-1499.0
-1148.0
-1408.0
-1114.0
-980.0
-1107.0
-1965.0
-1013.0
-976.0
-624.0
-1206.0
-972.0
-953.0
-967.0
-1312.0
-1121.0
-941.0
-987.0
-1256.0
-1403.0
-1342.0
-1008.0
-1051.0
-1410.0
-1239.0
-1465.0
-1315.0
-1034.0
-1610.0
-1222.0
-1504.0
-1636.0
-1142.0
-1107.0
-939.0
-1041.0
-1072.0
-1235.0
-761.0
-1017.0
-1035.0
-928.0
-1270.0
-809.0
-938.0
-931.0
-1061.0
-1108.0
-962.0
-1209.0
