-14299.0
-10655.0
-19149.0
-14095.0
-11843.0
-15493.0
-18681.0
-19499.0
-11886.0
-11529.0
-19165.0
-12750.0
-16067.0
-14956.0
-11408.0
-18293.0
-14770.0
-12175.0
-15693.0
-17829.0
-18488.0
-12593.0
-10195.0
-19394.0
-17518.0
-16598.0
-22607.0
-15657.0
-16849.0
-19932.0
-16364.0
-17549.0
-13149.0
-21374.0
-11152.0
-11646.0
-15639.0
-14104.0
-13581.0
-13831.0
-11410.0
-9486.0
-24950.0
-18555.0
-10636.0
-10051.0
-16861.0
-9947.0
-13967.0
-14402.0
-15013.0
-13387.0
-18389.0
-14105.0
-11041.0
-11215.0
-18672.0
-18141.0
-10990.0
-12276.0
-20972.0
-10363.0
-15090.0
-18390.0
-12585.0
-19569.0
-11941.0
-10398.0
-18032.0
-19837.0
-16211.0
-14111.0
-13681.0
-19688.0
-13194.0
-11989.0
-20290.0
-18899.0
-18426.0
-15716.0
-15885.0
-12341.0
-15790.0
-11195.0
-12637.0
-15042.0
-20905.0
-14329.0
-11618.0
-15510.0
-11636.0
-12694.0
-14767.0
-19304.0
-11070.0
-11133.0
-13758.0
-16600.0
-13662.0
-13301.0
-16703.0
-14665.0
-19653.0
-11883.0
-15415.0
-16649.0
-14322.0
-9426.0
-12666.0
-16291.0
-16211.0
-12677.0
-14295.0
-11511.0
-14270.0
-16958.0
-9111.0
-11026.0
-15788.0
-18590.0
-23144.0
-15756.0
-18365.0
-14179.0
-13594.0
-13100.0
-20339.0
-12501.0
-16740.0
-13979.0
-25269.0
-15653.0
-15688.0
-12826.0
-14781.0
-15556.0
-15224.0
-15443.0
-18145.0
-10950.0
-16234.0
-13444.0
-10912.0
-14638.0
-10096.0
-14750.0
-11831.0
-11101.0
-12406.0
-14910.0
-17616.0
-13504.0
-21254.0
-14905.0
-12333.0
-13102.0
-13878.0
-18489.0
-10802.0
-11776.0
-13967.0
-13985.0
-11581.0
-10370.0
-13202.0
-14597.0
-9904.0
-13362.0
-19474.0
-22526.0
-16932.0
-16567.0
-16351.0
-17559.0
-11449.0
-17648.0
-17036.0
-13231.0
-18559.0
-13577.0
-12549.0
-16549.0
-9936.0
-11718.0
-11095.0
-14092.0
-19183.0
-16081.0
-11025.0
-14755.0
-10895.0
-13962.0
-14788.0
-13977.0
-13787.0
-12961.0
-14194.0
-11269.0
-9420.0
-15807.0
-18225.0
-11145.0
-20362.0
-9968.0
-10692.0
-9601.0
-18630.0
-14935.0
-10922.0
-12127.0
-14243.0
-6984.0
-11911.0
-10216.0
-12015.0
-19813.0
-11973.0
-9433.0
-15414.0
-20322.0
-21684.0
-13916.0
-18710.0
-17011.0
-16852.0
-15183.0
-19560.0
-14780.0
-13225.0
-16668.0
-22319.0
-23731.0
-15918.0
-15928.0
-9476.0
-15277.0
-19773.0
-16418.0
-10756.0
-13078.0
-13715.0
-8114.0
-15216.0
-13309.0
-11861.0
-10915.0
-11912.0
-12590.0
-8791.0
-10860.0
-15130.0
-12557.0
-18271.0
-15371.0
-15774.0
-10799.0
-14621.0
-18033.0
-14780.0
-12368.0
-19095.0
-15876.0
-8456.0
-11786.0
-13134.0
-18053.0
-11570.0
-12638.0
-9163.0
-16215.0
-21821.0
-8671.0
-13219.0
-16646.0
-22718.0
-13939.0
-19268.0
-17698.0
-14812.0
-15509.0
-18878.0
-14940.0
-17257.0
-14243.0
-13743.0
-6399.0
-12067.0
-12905.0
-16930.0
-15111.0
-11846.0
-9188.0
-20086.0
-15496.0
-8676.0
-12104.0
-14520.0
-12700.0
-8902.0
-16000.0
-18607.0
-17905.0
-13610.0
-12278.0
-8204.0
-10817.0
-17637.0
-10882.0
-16250.0
-11376.0
-18840.0
-14863.0
-14340.0
-8966.0
-10572.0
-18690.0
-8340.0
-16616.0
-19605.0
-19829.0
-14132.0
-13377.0
-16559.0
-13074.0
-14195.0
-21030.0
-13415.0
-12969.0
-16483.0
-15042.0
-18612.0
-15946.0
-11045.0
-8914.0
-9358.0
-12133.0
-21172.0
-16488.0
-16394.0
-11727.0
-10152.0
-6317.0
-15818.0
-19607.0
-10748.0
-12361.0
-16186.0
-7172.0
-17613.0
-13005.0
-12464.0
-12628.0
-21216.0
-12269.0
-11354.0
-10961.0
-14930.0
-14606.0
-7121.0
-10698.0
-14298.0
-16232.0
-8273.0
-9503.0
-18253.0
-18587.0
-6834.0
-8047.0
-12492.0
-19468.0
-13761.0
-12896.0
-17909.0
-15282.0
-11056.0
-11876.0
-19240.0
-12042.0
-19437.0
-16246.0
-17549.0
-18204.0
-15733.0
-14120.0
-14736.0
-7675.0
-17457.0
-14022.0
-11096.0
-15760.0
-12979.0
-13682.0
-19592.0
-11281.0
-9791.0
-10570.0
-12436.0
-11342.0
-13465.0
-10684.0
-13702.0
-12851.0
-26963.0
-10555.0
-9130.0
-12726.0
-14297.0
-11193.0
-19429.0
-10289.0
-21909.0
-8816.0
-15087.0
-9203.0
-19949.0
-20999.0
-8404.0
-18232.0
-14563.0
-17021.0
-17677.0
-8625.0
-12203.0
-17322.0
-12681.0
-17675.0
-17208.0
-16099.0
-14530.0
-22749.0
-16233.0
-13764.0
-15932.0
-15742.0
-14224.0
-11422.0
-14141.0
-15221.0
-12062.0
-12153.0
-17536.0
-8714.0
-19457.0
-15282.0
-11461.0
-11058.0
-10901.0
-12838.0
-8362.0
-16508.0
-14679.0
-14368.0
-19543.0
-11780.0
-11099.0
-8779.0
-19075.0
-11672.0
-10813.0
-13257.0
-24068.0
-13446.0
-9524.0
-6217.0
-13356.0
-17532.0
-13637.0
-11788.0
-19196.0
-15405.0
-16004.0
-16214.0
-14034.0
-21765.0
-8415.0
-15448.0
-15675.0
-11454.0
-19401.0
-13919.0
-12284.0
-18467.0
-15115.0
-12819.0
-10475.0
-7947.0
-19751.0
-15846.0
-9577.0
-10495.0
-11501.0
-6430.0
-14618.0
-16534.0
-6646.0
-8692.0
-19139.0
-14066.0
-16419.0
-15593.0
-15178.0
-14828.0
-13486.0
-9495.0
-7737.0
-11248.0
-17616.0
-11974.0
-9958.0
-13475.0
-16380.0
-12558.0
-8022.0
-14956.0
-14047.0
-16660.0
-7742.0
-8982.0
-19967.0
-16068.0
-15882.0
-10002.0
-13806.0
-15247.0
-14367.0
-11394.0
-17664.0
-14664.0
-22648.0
-14153.0
-14958.0
-20304.0
-16538.0
-15060.0
-9068.0
-11985.0
-17606.0
-15695.0
-12129.0
-13139.0
-15112.0
-15114.0
-9381.0
-16073.0
-14651.0
-8596.0
-14301.0
-17490.0
-12838.0
-22659.0
-12994.0
-16800.0
-26072.0
-7839.0
-12970.0
-16047.0
-16823.0
-14428.0
-15559.0
-14186.0
-21018.0
-10557.0
-8171.0
-10952.0
-14424.0
-14978.0
-8878.0
-16500.0
-14311.0
-18112.0
-17732.0
-7406.0
-13517.0
-14176.0
-14131.0
-11527.0
-16571.0
-13422.0
-19204.0
-12277.0
-14084.0
-13624.0
-14492.0
-12442.0
-9608.0
-17938.0
-10383.0
-13919.0
-10524.0
-10040.0
-14513.0
-10871.0
-15898.0
-15540.0
-12466.0
-11559.0
-14965.0
-16678.0
-15377.0
-14527.0
-19964.0
-17849.0
-21693.0
-18107.0
-7948.0
-13479.0
-19326.0
-10541.0
-9156.0
-9154.0
-22175.0
-11464.0
-11312.0
-5965.0
-14320.0
-14828.0
-9324.0
-8752.0
-22387.0
-23188.0
-16485.0
-14648.0
-18557.0
-18356.0
-15633.0
-16790.0
-18171.0
-14540.0
-17439.0
-11296.0
-19356.0
-14415.0
-14913.0
-12015.0
-13222.0
-11469.0
-10020.0
-12730.0
-14452.0
-6728.0
-12306.0
-8165.0
-14026.0
-14994.0
-6745.0
-8822.0
-14742.0
-14141.0
-12963.0
-7926.0
-19871.0
-12450.0
-14814.0
-7594.0
-12694.0
-11851.0
-22939.0
-14502.0
-10281.0
-13231.0
-15623.0
-8612.0
-7683.0
-12176.0
-13679.0
-10390.0
-7140.0
-14689.0
-19598.0
-22393.0
-16316.0
-11934.0
-10471.0
-11824.0
-15394.0
-14273.0
-22435.0
-14452.0
-11704.0
-17442.0
-14428.0
-10812.0
-17910.0
-7260.0
-7717.0
-11991.0
-12900.0
-14144.0
-14279.0
-15661.0
-12152.0
-12378.0
-13813.0
-22592.0
-16501.0
-7545.0
-13307.0
-10850.0
-10478.0
-16819.0
-18379.0
-10579.0
-18233.0
-15290.0
-13185.0
-10706.0
-17056.0
-13473.0
-14878.0
-11157.0
-24295.0
-9146.0
-13009.0
-8870.0
-12930.0
-15335.0
-13361.0
-5850.0
-14064.0
-15716.0
-16715.0
-14441.0
-15336.0
-24410.0
-12073.0
-16561.0
-17442.0
-10966.0
-20405.0
-17239.0
-12886.0
-19364.0
-11450.0
-15165.0
-13069.0
-7587.0
-18539.0
-19357.0
-19676.0
-11828.0
-7563.0
-7628.0
-14919.0
-14954.0
-6507.0
-14523.0
-16759.0
-14868.0
-15190.0
-20918.0
-11516.0
-13007.0
-13261.0
-12390.0
-14279.0
-14767.0
-13520.0
-16592.0
-10444.0
-10858.0
-12020.0
-13949.0
-9693.0
-13789.0
-14491.0
-22450.0
-8428.0
-15027.0
-15232.0
-18616.0
-13789.0
-6634.0
-17892.0
-15435.0
-12966.0
-15176.0
-17331.0
-15714.0
-22445.0
-16219.0
-18590.0
-16418.0
-18528.0
-7375.0
-18671.0
-6588.0
-20628.0
-16682.0
-13029.0
-15519.0
-11601.0
-10571.0
-17638.0
-14686.0
-5022.0
-10718.0
-10753.0
-14285.0
-12833.0
-12086.0
-13938.0
-9964.0
-17129.0
-11788.0
-10040.0
-15277.0
-19804.0
-13346.0
-10074.0
-15169.0
-13373.0
-7538.0
-9980.0
-9358.0
-15489.0
-22611.0
-11787.0
-9140.0
-12838.0
-13830.0
-18001.0
-12800.0
-18796.0
-13904.0
-10928.0
-12315.0
-14278.0
-10859.0
-12379.0
-14010.0
-14903.0
-21415.0
-9028.0
-13505.0
-8344.0
-8838.0
-20432.0
-10455.0
-11871.0
-13783.0
-10054.0
-9210.0
-16672.0
-14170.0
-12023.0
-17119.0
-15231.0
-11026.0
-7594.0
-15292.0
-14829.0
-15027.0
-27392.0
-11642.0
-8599.0
-9088.0
-11225.0
-12063.0
-16214.0
-13313.0
-14958.0
-10850.0
-8324.0
-13457.0
-15328.0
-18725.0
-13225.0
-7481.0
-10702.0
-20984.0
-9646.0
-17393.0
-15486.0
-11862.0
-6084.0
-17208.0
-16206.0
-14451.0
-21032.0
-14572.0
-13121.0
-13186.0
-18117.0
-18168.0
-8139.0
-9076.0
-12265.0
-13530.0
-12939.0
-10412.0
-11206.0
-12075.0
-14857.0
-17050.0
-12523.0
-8394.0
-16340.0
-8603.0
-14234.0
-15256.0
-14184.0
-11463.0
-18940.0
-16381.0
-10361.0
-12533.0
-22597.0
-12384.0
-12355.0
-11066.0
-19866.0
-9621.0
-6685.0
-11089.0
-18856.0
-13477.0
-5692.0
-13593.0
-17251.0
-14604.0
-14142.0
-16329.0
-17126.0
-15472.0
-10930.0
-11703.0
-15756.0
-13212.0
-18691.0
-18327.0
-19575.0
-14965.0
-14105.0
-9442.0
-8029.0
-4390.0
-13259.0
-10556.0
-10807.0
-14981.0
-11642.0
-9023.0
-19516.0
-12391.0
-12669.0
-8326.0
-9361.0
-13886.0
-7197.0
-13236.0
-17669.0
-16761.0
-18345.0
-11911.0
-7418.0
-11464.0
-11632.0
-11222.0
-15172.0
-9892.0
-13506.0
-12653.0
-7654.0
-12158.0
-15224.0
-17705.0
-11467.0
-6591.0
-13715.0
-10403.0
-17409.0
-10951.0
-11270.0
-13637.0
-15145.0
-14820.0
-18401.0
-11538.0
-21538.0
-22692.0
-21537.0
-11969.0
-15935.0
-10799.0
-7663.0
-7588.0
-11893.0
-13435.0
-9624.0
-13595.0
-11287.0
-9180.0
-22065.0
-19498.0
-10238.0
-12095.0
-10717.0
-10894.0
-8788.0
-15811.0
-14824.0
-13828.0
-15557.0
-15987.0
-10681.0
-11554.0
-12971.0
-12939.0
-12879.0
-9989.0
-11761.0
-9238.0
-5710.0
-7929.0
-11226.0
-11642.0
-8863.0
-10989.0
-13468.0
-16869.0
-16457.0
-7725.0
-11911.0
-13357.0
-15938.0
-14699.0
-16893.0
-13629.0
-13211.0
-12817.0
-14098.0
-17083.0
-17241.0
-16910.0
-10502.0
-10134.0
-22624.0
-10582.0
-13926.0
-9196.0
-9910.0
-10097.0
-11928.0
-12955.0
-8398.0
-11768.0
-12964.0
-18583.0
-13604.0
-11044.0
-12582.0
-15549.0
-14557.0
-11978.0
-11691.0
-13818.0
-13511.0
-9156.0
-14982.0
-10287.0
-8742.0
-8181.0
-7787.0
-13211.0
-12847.0
-19027.0
-7324.0
-9396.0
-14773.0
-11303.0
-22219.0
-9302.0
-12966.0
-14376.0
-13255.0
-10970.0
-17217.0
-14819.0
-16854.0
-13699.0
-10943.0
-23160.0
-19906.0
-12636.0
-8275.0
-12609.0
-13624.0
-13207.0
-10575.0
-11022.0
-9556.0
-11012.0
-10480.0
-12901.0
-10549.0
-8224.0
-6753.0
-16289.0
-17319.0
-10512.0
-18048.0
-18809.0
-16647.0
-10991.0
-13035.0
-9564.0
-20607.0
-10622.0
-12265.0
-15216.0
-12844.0
-6523.0
-14564.0
-12985.0
-15792.0
-19758.0
-11352.0
-8661.0
-15042.0
-17501.0
-12688.0
-7953.0
-14918.0
-18501.0
-11717.0
-13007.0
-14213.0
-10851.0
-16353.0
-16659.0
-14685.0
-14771.0
-13267.0
-10776.0
-12117.0
-6857.0
-9532.0
-12030.0
-10401.0
-13882.0
-8266.0
-13135.0
-16989.0
-14022.0
-5738.0
-8771.0
-13929.0
-15895.0
-18646.0
-16186.0
-10982.0
-15055.0
-22081.0
-11832.0
-10170.0
-10908.0
-14828.0
-14121.0
-11808.0
-10143.0
-14316.0
-8555.0
-11296.0
-6449.0
-12820.0
-18832.0
-8556.0
-12496.0
-15881.0
-17256.0
-16545.0
-8677.0
-15041.0
-12249.0
-11771.0
-15334.0
-13605.0
-9104.0
-14721.0
-15204.0
-15517.0
-10262.0
-18120.0
-13271.0
-18023.0
-9575.0
-12079.0
-16201.0
-14030.0
-12491.0
-13631.0
-7009.0
-15622.0
-14923.0
-12988.0
-10408.0
-10503.0
-15481.0
-9890.0
-9873.0
-16181.0
-12387.0
-20614.0
-9559.0
-6702.0
-11204.0
-14081.0
-9460.0
-12345.0
-18907.0
-12616.0
-11589.0
-12412.0
-12633.0
-15272.0
-20408.0
-15272.0
-8994.0
-17270.0
-21148.0
-16739.0
-12274.0
-5678.0
-11458.0
-9777.0
-20034.0
-15887.0
-6320.0
-13877.0
-12462.0
-21041.0
-13606.0
-10768.0
-11042.0
-10317.0
-8200.0
-18174.0
-13780.0
-6134.0
-13659.0
-14899.0
-8529.0
-15543.0
-18085.0
-15058.0
-8309.0
-15290.0
-5071.0
-10314.0
-20739.0
-11632.0
-13809.0
-23222.0
-10769.0
-11555.0
-6412.0
-19670.0
-9883.0
-10511.0
-12603.0
-7647.0
-6128.0
-8759.0
-11271.0
-13856.0
-18207.0
-7818.0
-9276.0
-10605.0
-14912.0
-15370.0
-12054.0
-15079.0
-14857.0
-14888.0
-10608.0
-16047.0
-14805.0
-19785.0
-16997.0
-16670.0
-17193.0
-7181.0
-11474.0
-12962.0
-8770.0
-13295.0
-12012.0
-11653.0
-13127.0
-8921.0
-7950.0
-14597.0
-12289.0
-12413.0
-12040.0
-13238.0
-19039.0
-9153.0
-10725.0
-13927.0
-10239.0
-15664.0
-10184.0
-7559.0
-10831.0
-23253.0
-13244.0
-8883.0
-8054.0
-14427.0
-15121.0
-6953.0
-8736.0
-12555.0
-13666.0
-7917.0
-7374.0
-13799.0
-11969.0
-13475.0
-13022.0
-11640.0
-11070.0
-8724.0
-11981.0
-11840.0
-6759.0
-17514.0
-15843.0
-14924.0
-12889.0
-10638.0
-16168.0
-14116.0
-8481.0
-13615.0
-10407.0
-9895.0
-12999.0
-5553.0
-9503.0
-7169.0
-9374.0
-10267.0
-8482.0
-12791.0
-14978.0
-6073.0
-15095.0
-9899.0
-15653.0
-11896.0
-6865.0
-10417.0
-5941.0
-13305.0
-18920.0
-10479.0
-10825.0
-13970.0
-12331.0
-7358.0
-9691.0
-17002.0
-18872.0
-10598.0
-10046.0
-18027.0
-24551.0
-16415.0
-9583.0
-12469.0
-12177.0
-11661.0
-14620.0
-10862.0
-8647.0
-9889.0
-17045.0
-17583.0
-16438.0
-17791.0
-8895.0
-16325.0
-11205.0
-9946.0
-10825.0
-12760.0
-10470.0
-10463.0
-5842.0
-16742.0
-18005.0
-7991.0
-8749.0
-9414.0
-13747.0
-10291.0
-15465.0
-13233.0
-11094.0
-15225.0
-10885.0
-8245.0
-16732.0
-14922.0
-12541.0
-7015.0
-16235.0
-16199.0
-7852.0
-10029.0
-11807.0
-15976.0
-18867.0
-8208.0
-6111.0
-13129.0
-12405.0
-13635.0
-10046.0
-11148.0
-6562.0
-12276.0
-13968.0
-15037.0
-4515.0
-12862.0
-14419.0
-15145.0
-17899.0
-11679.0
-9723.0
-11364.0
-10993.0
-11065.0
-13461.0
-11477.0
-15944.0
-5673.0
-9322.0
-19135.0
-12410.0
-9353.0
-10473.0
-12746.0
-12257.0
-7578.0
-11223.0
-11325.0
-10821.0
-19183.0
-6657.0
-11232.0
-11753.0
-14982.0
-13931.0
-8286.0
-5438.0
-10290.0
-9078.0
-13333.0
-13573.0
-11484.0
-13860.0
-5846.0
-5832.0
-10175.0
-18715.0
-10515.0
-12319.0
-14786.0
-9850.0
-11425.0
-11336.0
-18017.0
-16596.0
-16998.0
-5164.0
-13427.0
-15028.0
-8133.0
-9667.0
-9391.0
-6262.0
-10972.0
-10077.0
-8019.0
-8489.0
-10824.0
-10197.0
-14247.0
-11464.0
-7792.0
-11567.0
-16618.0
-16111.0
-8203.0
-14121.0
-10683.0
-16432.0
-15301.0
-10842.0
-6154.0
-10197.0
-10102.0
-18861.0
-8794.0
-9290.0
-13710.0
-8179.0
-12452.0
-12286.0
-8339.0
-16436.0
-5580.0
-7213.0
-19715.0
-19028.0
-12445.0
-10045.0
-8539.0
-20254.0
-17388.0
-10602.0
-12458.0
-8728.0
-14432.0
-14466.0
-17932.0
-14838.0
-13654.0
-11381.0
-11277.0
-5371.0
-14453.0
-12608.0
-7298.0
-7982.0
-11004.0
-8337.0
-11503.0
-18719.0
-7210.0
-8147.0
-12504.0
-11550.0
-8144.0
-7919.0
-11320.0
-12783.0
-17908.0
-14811.0
-8831.0
-5509.0
-9460.0
-11903.0
-5977.0
-16560.0
-15829.0
-9022.0
-6615.0
-10506.0
-8978.0
-9496.0
-8825.0
-10387.0
-22642.0
-14451.0
-16427.0
-14323.0
-9170.0
-19061.0
-6689.0
-9805.0
-12824.0
-14096.0
-11361.0
-10644.0
-14735.0
-15181.0
-9949.0
-12513.0
-7562.0
-12101.0
-15432.0
-13026.0
-7092.0
-17852.0
-9424.0
-5428.0
-17304.0
-12143.0
-9404.0
-11725.0
-11451.0
-12645.0
-7310.0
-9407.0
-9632.0
-6639.0
-16804.0
-9368.0
-10463.0
-13940.0
-10885.0
-19175.0
-12364.0
-8082.0
-14595.0
-7644.0
-6065.0
-6084.0
-14359.0
-15131.0
-4674.0
-5252.0
-19706.0
-14760.0
-11261.0
-6860.0
-12022.0
-10654.0
-14398.0
-10258.0
-7486.0
-8832.0
-9704.0
-11816.0
-10642.0
-11069.0
-13315.0
-9670.0
-13639.0
-8777.0
-10673.0
-13195.0
-9299.0
-8080.0
-6500.0
-4653.0
-10722.0
-8374.0
-9993.0
-5455.0
-17047.0
-8183.0
-8265.0
-11557.0
-14010.0
-9416.0
-22193.0
-11527.0
-14223.0
-11010.0
-13272.0
-9030.0
-10717.0
-7277.0
-16705.0
-9987.0
-6743.0
-8821.0
-15907.0
-14189.0
-7467.0
-7691.0
-8021.0
-20011.0
-11733.0
-11567.0
-14332.0
-13874.0
-8155.0
-10150.0
-14501.0
-8275.0
-11175.0
-10669.0
-11486.0
-11628.0
-13679.0
-5678.0
-10161.0
-8578.0
-6281.0
-5385.0
-8019.0
-9319.0
-6237.0
-8086.0
-9805.0
-15523.0
-4172.0
-7492.0
-10246.0
-17683.0
-8363.0
-10122.0
-14356.0
-11871.0
-24968.0
-5430.0
-5648.0
-8109.0
-13012.0
-9296.0
-4221.0
-9055.0
-13648.0
-7055.0
-5011.0
-7026.0
-9997.0
-7591.0
-5941.0
-5908.0
-14673.0
-7115.0
-11462.0
-9172.0
-11918.0
-11340.0
-7397.0
-11070.0
-12848.0
-9591.0
-17975.0
-11984.0
-15296.0
-13685.0
-15261.0
-6899.0
-8892.0
-7945.0
-10654.0
-7162.0
-7917.0
-7298.0
-8190.0
-9995.0
-15315.0
-13238.0
-9017.0
-8024.0
-9584.0
-7468.0
-8730.0
-10132.0
-10233.0
-5794.0
-11480.0
-8711.0
-8492.0
-5253.0
-9446.0
-8556.0
-7065.0
-9310.0
-16541.0
-6320.0
-7831.0
-9334.0
-12612.0
-12069.0
-5460.0
-3299.0
-12494.0
-11264.0
-8553.0
-10628.0
-14334.0
-15104.0
-10592.0
-11322.0
-11067.0
-7148.0
-13359.0
-9326.0
-9907.0
-14008.0
-13732.0
-11624.0
-10046.0
-6573.0
-9338.0
-15381.0
-6394.0
-11891.0
-5284.0
-12132.0
-13977.0
-6954.0
-5690.0
-6435.0
-16060.0
-12427.0
-4288.0
-13993.0
-8978.0
-11493.0
-13111.0
-12060.0
-6453.0
-9842.0
-14063.0
-12873.0
-6370.0
-6436.0
-15193.0
-5576.0
-6333.0
-9377.0
-9078.0
-25463.0
-6284.0
-8351.0
-15356.0
-8548.0
-16644.0
-10393.0
-13735.0
-7576.0
-8446.0
-10887.0
-8579.0
-8113.0
-16410.0
-14886.0
-15695.0
-8101.0
-14484.0
-11100.0
-9208.0
-6339.0
-11232.0
-5526.0
-8597.0
-12290.0
-8063.0
-5585.0
-13378.0
-13490.0
-8352.0
-8940.0
-10199.0
-12637.0
-4409.0
-10392.0
-8993.0
-12992.0
-16511.0
-8087.0
-8953.0
-6871.0
-12936.0
-6977.0
-5994.0
-5993.0
-10831.0
-5069.0
-6894.0
-11678.0
-13845.0
-12347.0
-9354.0
-6414.0
-13184.0
-14260.0
-17272.0
-15453.0
-14647.0
-13494.0
-9080.0
-13957.0
-15354.0
-3851.0
-9588.0
-17589.0
-12851.0
-11628.0
-7071.0
-8926.0
-9137.0
-7610.0
-14212.0
-10684.0
-5508.0
-9039.0
-5155.0
-9125.0
-11501.0
-9468.0
-6066.0
-11029.0
-12786.0
-9939.0
-9784.0
-12796.0
-11214.0
-12938.0
-18528.0
-7799.0
-7603.0
-5820.0
-14553.0
-11149.0
-6416.0
-13063.0
-10938.0
-7308.0
-11511.0
-8706.0
-11580.0
-12858.0
-8133.0
-8546.0
-8665.0
-14010.0
-14632.0
-8983.0
-13373.0
-9104.0
-12660.0
-11213.0
-8902.0
-6339.0
-16385.0
-13252.0
-11175.0
-10049.0
-13362.0
-12289.0
-5993.0
-5636.0
-12891.0
-8906.0
-6424.0
-15048.0
-10865.0
-5763.0
-15345.0
-10657.0
-7721.0
-7343.0
-14756.0
-19284.0
-9600.0
-9110.0
-18956.0
-5161.0
-20621.0
-9532.0
-6771.0
-6702.0
-15422.0
-7989.0
-9005.0
-9483.0
-9955.0
-6423.0
-8763.0
-8262.0
-14194.0
-14259.0
-8828.0
-5443.0
-17657.0
-11594.0
-18844.0
-10731.0
-15355.0
-9863.0
-9996.0
-12060.0
-13890.0
-9100.0
-14489.0
-9222.0
-11224.0
-16136.0
-9389.0
-9364.0
-8528.0
-8695.0
-11501.0
-7955.0
-9713.0
-7018.0
-10838.0
-5119.0
-12749.0
-9841.0
-8836.0
-6633.0
-17114.0
-12412.0
-6084.0
-11739.0
-14050.0
-8977.0
-20594.0
-8666.0
-12648.0
-8666.0
-14714.0
-14078.0
-7144.0
-6187.0
-13004.0
-7752.0
-5812.0
-16458.0
-9977.0
-19403.0
-5642.0
-6513.0
-9456.0
-16025.0
-12164.0
-8883.0
-6061.0
-18417.0
-7071.0
-8163.0
-17147.0
-10834.0
-9334.0
-14047.0
-11034.0
-8289.0
-10738.0
-6003.0
-11275.0
-11231.0
-10340.0
-9546.0
-8559.0
-10627.0
-4213.0
-8425.0
-14483.0
-11449.0
-8189.0
-7851.0
-9689.0
-12381.0
-6604.0
-10532.0
-15393.0
-7785.0
-17233.0
-9406.0
-4644.0
-6779.0
-13583.0
-7305.0
-10080.0
-11096.0
-14769.0
-6318.0
-8267.0
-5039.0
-8339.0
-15212.0
-8605.0
-4960.0
-16755.0
-10135.0
-12528.0
-8228.0
-10586.0
-8524.0
-6669.0
-10907.0
-17445.0
-7644.0
-14161.0
-8504.0
-13283.0
-11643.0
-11946.0
-3136.0
-8912.0
-4435.0
-13729.0
-9773.0
-6252.0
-8747.0
-6010.0
-8508.0
-6987.0
-13419.0
-3160.0
-7129.0
-5732.0
-7468.0
-4423.0
-16283.0
-11843.0
-17567.0
-14460.0
-5373.0
-13849.0
-8432.0
-11852.0
-8060.0
-11980.0
-7688.0
-16273.0
-8341.0
-6393.0
-6588.0
-10838.0
-18212.0
-9465.0
-5876.0
-12585.0
-11673.0
-11489.0
-11239.0
-8706.0
-9008.0
-8299.0
-6522.0
-11303.0
-6969.0
-14069.0
-10448.0
-12142.0
-11542.0
-14725.0
-10927.0
-4948.0
-5135.0
-13576.0
-13796.0
-10082.0
-9788.0
-7957.0
-6969.0
-8656.0
-11309.0
-5492.0
-6578.0
-10561.0
-11814.0
-6822.0
-7312.0
-10272.0
-12426.0
-20526.0
-8189.0
-9210.0
-8998.0
-15045.0
-10334.0
-8302.0
-10369.0
-19715.0
-8315.0
-7961.0
-8746.0
-11099.0
-12164.0
-7174.0
-5536.0
-9578.0
-9473.0
-14965.0
-7942.0
-18530.0
-11027.0
-10215.0
-8328.0
-10927.0
-5884.0
-13634.0
-10225.0
-12359.0
-10296.0
-15175.0
-5859.0
-7225.0
-6218.0
-13287.0
-11091.0
-7963.0
-7032.0
-6334.0
-4971.0
-8313.0
-7853.0
-7603.0
-13829.0
-8405.0
-11540.0
-5935.0
-13426.0
-8243.0
-9488.0
-18393.0
-8307.0
-4770.0
-11156.0
-13065.0
-9979.0
-6088.0
-8875.0
-15048.0
-9459.0
-11349.0
-6447.0
-13996.0
-14755.0
-7793.0
-4997.0
-11521.0
-10810.0
-9996.0
-7504.0
-10785.0
-7377.0
-6118.0
-12076.0
-11748.0
-6847.0
-16341.0
-10000.0
-15393.0
-16444.0
-9764.0
-10666.0
-9335.0
-5982.0
-10108.0
-13037.0
-4015.0
-9000.0
-4623.0
-6337.0
-8957.0
-7677.0
-6433.0
-5001.0
-12833.0
-10256.0
-8116.0
-10574.0
-12611.0
-9212.0
-17432.0
-4977.0
-6933.0
-7718.0
-11018.0
-8915.0
-4862.0
-8014.0
-12499.0
-7437.0
-10198.0
-5890.0
-11823.0
-20360.0
-7811.0
-7238.0
-8285.0
-8566.0
-13234.0
-10358.0
-8747.0
-11065.0
-4572.0
-9882.0
-14302.0
-7402.0
-12475.0
-9636.0
-14015.0
-10577.0
-14948.0
-11925.0
-7260.0
-5563.0
-9601.0
-13065.0
-6511.0
-9301.0
-7188.0
-7948.0
-10973.0
-9012.0
-6751.0
-7094.0
-9744.0
-8417.0
-5972.0
-8431.0
-6833.0
-10285.0
-12168.0
-8127.0
-7246.0
-9714.0
-7719.0
-8811.0
-9229.0
-9204.0
-11332.0
-9846.0
-5617.0
-7085.0
-6619.0
-15405.0
-6511.0
-3720.0
-10972.0
-12687.0
-10570.0
-11953.0
-11345.0
-9602.0
-10092.0
-13814.0
-10424.0
-5340.0
-11044.0
-9152.0
-15629.0
-16286.0
-11305.0
-12129.0
-7786.0
-7294.0
-7790.0
-8969.0
-9441.0
-7202.0
-5420.0
-5354.0
-12762.0
-13296.0
-7897.0
-4964.0
-7339.0
-8371.0
-3743.0
-9330.0
-8145.0
-7949.0
-19693.0
-7349.0
-5012.0
-4677.0
-14067.0
-9695.0
-8039.0
-5038.0
-12063.0
-6459.0
-6132.0
-6783.0
-7690.0
-14234.0
-5563.0
-3304.0
-10081.0
-10060.0
-14371.0
-5217.0
-7980.0
-8892.0
-6538.0
-11404.0
-9725.0
-6461.0
-12987.0
-9920.0
-8911.0
-12458.0
-13041.0
-7349.0
-8227.0
-6489.0
-11763.0
-7056.0
-8803.0
-5095.0
-6393.0
-3165.0
-9572.0
-11624.0
-8420.0
-6505.0
-12775.0
-12419.0
-9656.0
-11570.0
-9974.0
-8916.0
-14355.0
-6503.0
-9157.0
-3905.0
-11034.0
-9817.0
-8560.0
-5187.0
-13453.0
-8394.0
-4459.0
-5724.0
-9036.0
-10068.0
-6407.0
-7864.0
-10310.0
-8736.0
-13844.0
-5292.0
-8233.0
-9156.0
-4452.0
-6195.0
-11518.0
-8065.0
-14900.0
-12627.0
-11310.0
-8524.0
-13210.0
-5319.0
-7350.0
-4071.0
-10692.0
-9669.0
-8816.0
-3221.0
-5833.0
-5861.0
-8034.0
-10944.0
-6696.0
-7145.0
-12786.0
-7710.0
-3775.0
-10582.0
-12690.0
-5697.0
-10795.0
-3804.0
-7267.0
-7420.0
-12534.0
-7156.0
-6212.0
-6828.0
-10343.0
-5697.0
-8886.0
-7013.0
-8976.0
-13021.0
-6458.0
-4249.0
-12806.0
-14808.0
-11796.0
-6884.0
-11560.0
-10601.0
-4247.0
-8421.0
-8158.0
-6660.0
-9249.0
-8287.0
-8651.0
-13487.0
-11548.0
-5744.0
-8674.0
-6448.0
-13050.0
-9555.0
-8729.0
-13795.0
-6044.0
-4237.0
-14323.0
-7313.0
-5027.0
-5661.0
-7623.0
-8708.0
-8679.0
-12290.0
-10345.0
-6951.0
-16925.0
-7681.0
-4003.0
-7165.0
-15102.0
-9220.0
-8286.0
-7018.0
-8808.0
-9043.0
-2792.0
-6003.0
-9856.0
-13676.0
-4899.0
-4491.0
-15020.0
-12082.0
-12537.0
-7203.0
-9370.0
-9216.0
-5486.0
-7652.0
-6953.0
-5447.0
-10207.0
-7969.0
-14093.0
-12967.0
-9837.0
-5137.0
-4034.0
-4245.0
-12462.0
-8947.0
-7333.0
-7134.0
-5273.0
-10168.0
-6150.0
-9607.0
-3665.0
-5566.0
-7511.0
-13202.0
-4812.0
-12534.0
-8915.0
-9595.0
-17817.0
-4086.0
-6605.0
-7413.0
-12819.0
-12284.0
-5885.0
-6264.0
-10191.0
-3726.0
-6292.0
-8005.0
-9289.0
-13468.0
-5563.0
-5673.0
-7674.0
-10149.0
-10773.0
-9418.0
-6979.0
-9251.0
-5919.0
-11485.0
-13421.0
-5040.0
-9759.0
-4769.0
-11621.0
-7776.0
-11282.0
-6394.0
-5122.0
-4321.0
-11577.0
-7651.0
-5412.0
-10832.0
-5603.0
-5925.0
-4850.0
-12540.0
-5359.0
-10462.0
-9212.0
-10602.0
-3670.0
-7680.0
-6819.0
-9273.0
-15718.0
-8148.0
-9704.0
-6580.0
-9024.0
-5080.0
-6421.0
-3729.0
-14857.0
-6293.0
-3756.0
-9757.0
-9047.0
-12914.0
-6601.0
-5144.0
-10716.0
-9672.0
-10664.0
-12416.0
-6410.0
-10930.0
-6839.0
-6246.0
-7999.0
-5117.0
-10075.0
-5033.0
-7307.0
-16262.0
-9967.0
-7516.0
-5568.0
-7257.0
-13723.0
-15781.0
-4053.0
-5623.0
-6984.0
-4668.0
-9332.0
-10327.0
-4753.0
-5984.0
-9616.0
-13658.0
-4113.0
-10937.0
-7622.0
-9729.0
-12519.0
-6392.0
-5409.0
-3278.0
-7775.0
-7325.0
-4914.0
-4643.0
-8462.0
-8016.0
-4241.0
-4646.0
-11209.0
-9696.0
-5690.0
-2524.0
-14984.0
-10633.0
-10427.0
-6708.0
-7022.0
-8070.0
-12407.0
-6305.0
-7932.0
-8657.0
-11824.0
-10311.0
-8222.0
-11731.0
-12846.0
-7758.0
-5490.0
-5895.0
-10486.0
-7670.0
-7996.0
-7736.0
-6581.0
-4825.0
-12091.0
-8394.0
-6004.0
-4622.0
-8247.0
-8107.0
-8461.0
-9428.0
-15343.0
-7868.0
-15893.0
-6224.0
-9539.0
-8472.0
-10136.0
-9877.0
-7362.0
-6227.0
-9811.0
-3098.0
-3828.0
-7485.0
-11882.0
-10537.0
-4818.0
-5460.0
-12460.0
-10393.0
-9243.0
-13199.0
-10150.0
-7604.0
-5961.0
-9617.0
-8782.0
-6333.0
-8768.0
-8092.0
-7226.0
-12127.0
-7099.0
-6806.0
-5677.0
-3822.0
-7612.0
-8772.0
-5988.0
-7733.0
-4547.0
-4713.0
-8849.0
-10354.0
-3870.0
-5012.0
-9773.0
-9152.0
-6781.0
-12471.0
-8403.0
-8113.0
-18353.0
-7384.0
-10810.0
-5014.0
-4521.0
-7163.0
-3429.0
-5276.0
-9759.0
-6396.0
-5810.0
-7083.0
-8453.0
-15742.0
-6020.0
-3921.0
-13953.0
-7276.0
-6915.0
-6955.0
-8703.0
-12154.0
-6372.0
-8458.0
-5071.0
-4139.0
-5723.0
-9874.0
-10438.0
-11418.0
-11654.0
-6187.0
-5721.0
-5778.0
-8737.0
-8361.0
-6332.0
-7536.0
-4571.0
-3597.0
-9336.0
-10814.0
-3551.0
-6336.0
-9550.0
-6586.0
-6281.0
-10361.0
-8388.0
-7604.0
-16902.0
-5636.0
-7707.0
-7052.0
-13118.0
-5188.0
-6200.0
-5173.0
-13528.0
-3410.0
-5061.0
-7829.0
-11985.0
-8386.0
-4766.0
-5113.0
-11590.0
-15205.0
-9618.0
-7768.0
-8130.0
-7711.0
-9339.0
-5964.0
-16555.0
-5181.0
-10992.0
-13767.0
-8212.0
-12780.0
-9638.0
-8747.0
-2866.0
-8667.0
-9410.0
-4751.0
-3856.0
-6708.0
-3920.0
-6416.0
-9052.0
-17162.0
-5267.0
-5682.0
-15185.0
-11243.0
-5807.0
-10512.0
-8491.0
-11873.0
-15294.0
-5590.0
-6996.0
-8257.0
-8684.0
-6962.0
-5881.0
-9306.0
-11295.0
-4898.0
-5158.0
-4672.0
-8947.0
-11799.0
-8229.0
-4948.0
-9636.0
-11612.0
-7883.0
-10206.0
-9567.0
-7292.0
-10585.0
-8964.0
-9884.0
-4323.0
-12119.0
-8191.0
-10412.0
-11498.0
-10136.0
-7643.0
-3056.0
-6544.0
-18892.0
-6943.0
-7224.0
-4838.0
-7454.0
-4628.0
-11960.0
-10004.0
-6722.0
-4699.0
-8327.0
-12341.0
-5248.0
-8972.0
-9404.0
-9863.0
-13818.0
-7565.0
-6039.0
-5477.0
-12081.0
-9410.0
-4473.0
-8236.0
-10877.0
-5444.0
-2763.0
-8774.0
-8281.0
-12401.0
-7074.0
-4535.0
-9573.0
-9877.0
-8461.0
-5044.0
-5924.0
-4400.0
-4692.0
-7717.0
-9300.0
-5589.0
-9318.0
-7419.0
-6618.0
-10705.0
-15060.0
-4599.0
-3766.0
-3902.0
-7691.0
-4027.0
-6631.0
-10380.0
-4340.0
-6078.0
-5886.0
-8905.0
-6273.0
-4146.0
-8844.0
-6575.0
-3894.0
-12637.0
-7553.0
-10614.0
-13296.0
-7645.0
-5144.0
-6678.0
-13313.0
-8663.0
-4175.0
-4491.0
-8540.0
-4836.0
-3586.0
-9629.0
-9240.0
-7816.0
-3827.0
-6114.0
-8300.0
-13928.0
-9079.0
-11492.0
-10759.0
-7081.0
-6563.0
-7501.0
-5747.0
-3490.0
-10074.0
-12129.0
-12974.0
-15870.0
-12088.0
-6266.0
-6138.0
-8195.0
-5298.0
-6046.0
-6188.0
-8259.0
-5555.0
-5747.0
-5084.0
-11319.0
-7389.0
-4549.0
-13506.0
-7202.0
-5189.0
-5893.0
-6435.0
-9218.0
-9922.0
-6038.0
-7685.0
-8210.0
-8625.0
-6285.0
-8137.0
-4291.0
-7129.0
-5698.0
-5621.0
-8370.0
-9768.0
-14249.0
-9223.0
-3444.0
-8733.0
-13118.0
-8263.0
-5198.0
-9534.0
-5376.0
-5815.0
-6952.0
-6701.0
-3839.0
-11801.0
-8726.0
-8406.0
-8895.0
-8337.0
-6139.0
-3380.0
-3918.0
-10714.0
-7753.0
-8730.0
-7530.0
-3575.0
-5892.0
-7898.0
-9826.0
-7768.0
-4880.0
-7145.0
-8462.0
-4772.0
-13001.0
-5154.0
-7684.0
-14847.0
-5090.0
-7773.0
-6545.0
-7054.0
-6691.0
-6881.0
-4907.0
-10680.0
-7695.0
-4469.0
-7103.0
-10831.0
-12573.0
-7057.0
-3190.0
-4736.0
-8346.0
-8297.0
-4240.0
-7805.0
-7159.0
-8353.0
-13762.0
-5469.0
-4023.0
-11460.0
-7463.0
-13180.0
-10081.0
-10293.0
-6198.0
-3538.0
-5656.0
-10213.0
-6000.0
-7138.0
-4236.0
-4708.0
-3517.0
-9574.0
-6760.0
-6102.0
-5079.0
-7540.0
-7535.0
-3739.0
-7547.0
-7808.0
-5514.0
-15071.0
-5224.0
-5379.0
-3199.0
-8637.0
-6455.0
-9163.0
-5051.0
-6835.0
-4497.0
-5257.0
-6885.0
-7121.0
-10044.0
-5414.0
-4829.0
-7073.0
-9263.0
-6365.0
-5618.0
-8416.0
-8371.0
-3712.0
-7817.0
-7568.0
-4834.0
-9905.0
-7104.0
-11399.0
-8916.0
-8354.0
-4538.0
-3772.0
-4460.0
-7805.0
-5929.0
-3173.0
-6062.0
-4062.0
-11993.0
-10442.0
-14234.0
-4693.0
-4630.0
-8268.0
-4929.0
-5096.0
-7911.0
-11067.0
-6875.0
-13270.0
-6262.0
-8888.0
-2866.0
-6707.0
-6990.0
-6154.0
-4900.0
-10812.0
-3114.0
-3273.0
-5373.0
-9397.0
-13273.0
-4488.0
-3514.0
-8909.0
-11906.0
-13311.0
-6139.0
-6512.0
-7618.0
-4567.0
-10194.0
-7351.0
-3653.0
-7239.0
-6243.0
-12968.0
-6869.0
-9411.0
-9788.0
-3394.0
-5089.0
-7972.0
-6039.0
-7554.0
-7172.0
-3385.0
-4023.0
-11414.0
-7511.0
-5301.0
-7298.0
-11011.0
-12436.0
-10584.0
-6303.0
-6287.0
-6108.0
-10509.0
-6117.0
-5805.0
-6370.0
-12447.0
-4151.0
-4989.0
-2996.0
-8288.0
-6739.0
-5876.0
-4977.0
-6141.0
-11713.0
-4280.0
-4489.0
-8861.0
-6598.0
-9008.0
-4718.0
-11085.0
-4190.0
-8137.0
-9985.0
-8227.0
-5558.0
-12383.0
-4244.0
-10393.0
-9135.0
-14664.0
-6625.0
-5459.0
-5631.0
-8052.0
-4514.0
-7135.0
-3697.0
-4385.0
-5111.0
-10008.0
-9352.0
-5009.0
-5078.0
-12200.0
-5983.0
-3510.0
-8687.0
-5919.0
-6923.0
-15909.0
-5690.0
-7942.0
-3794.0
-7226.0
-6462.0
-6337.0
-4168.0
-7818.0
-5487.0
-5113.0
-4864.0
-4966.0
-10881.0
-4885.0
-3573.0
-19244.0
-6427.0
-8708.0
-6851.0
-7462.0
-7129.0
-5074.0
-6354.0
-10297.0
-6477.0
-10190.0
-5086.0
-8721.0
-9609.0
-7564.0
-5011.0
-5024.0
-4109.0
-10617.0
-4391.0
-3279.0
-4815.0
-3751.0
-4395.0
-4585.0
-5292.0
-3432.0
-6293.0
-11683.0
-5268.0
-5459.0
-9977.0
-6421.0
-7637.0
-8940.0
-7369.0
-5344.0
-4933.0
-6853.0
-4116.0
-7619.0
-4141.0
-7860.0
-4471.0
-5165.0
-4273.0
-7960.0
-11003.0
-2768.0
-4959.0
-9022.0
-11128.0
-10928.0
-7529.0
-9465.0
-7401.0
-4285.0
-8091.0
-6020.0
-3950.0
-9088.0
-6942.0
-8815.0
-8985.0
-10270.0
-6877.0
-3805.0
-3010.0
-7896.0
-6791.0
-4654.0
-5036.0
-3976.0
-6100.0
-5749.0
-10760.0
-4450.0
-3933.0
-7748.0
-6151.0
-3785.0
-7490.0
-7352.0
-7983.0
-12368.0
-5146.0
-7438.0
-5647.0
-7993.0
-9193.0
-8962.0
-2923.0
-11073.0
-7683.0
-2879.0
-5317.0
-8854.0
-15201.0
-4107.0
-4095.0
-9446.0
-5837.0
-13004.0
-7186.0
-7798.0
-8202.0
-5526.0
-6750.0
-7937.0
-3554.0
-9916.0
-5338.0
-9950.0
-6484.0
-7298.0
-4575.0
-7677.0
-4532.0
-11679.0
-4325.0
-6688.0
-8069.0
-6262.0
-3852.0
-4413.0
-12711.0
-2661.0
-3627.0
-10259.0
-8594.0
-3904.0
-6081.0
-6221.0
-4910.0
-12791.0
-6835.0
-7069.0
-4350.0
-12477.0
-7088.0
-4291.0
-6236.0
-10353.0
-5595.0
-3264.0
-5341.0
-8974.0
-13009.0
-5922.0
-5521.0
-8130.0
-13764.0
-8635.0
-7548.0
-6968.0
-8257.0
-3468.0
-8138.0
-5377.0
-7593.0
-7645.0
-4382.0
-10153.0
-11091.0
-9172.0
-6169.0
-4775.0
-4271.0
-5070.0
-5463.0
-4117.0
-8672.0
-3875.0
-3775.0
-8787.0
-11044.0
-3315.0
-4147.0
-5859.0
-7054.0
-3643.0
-7300.0
-6095.0
-7430.0
-8763.0
-4221.0
-4127.0
-6568.0
-6864.0
-5527.0
-9448.0
-4097.0
-8013.0
-4292.0
-3903.0
-5404.0
-8318.0
-8471.0
-3266.0
-3603.0
-11104.0
-13074.0
-5808.0
-4320.0
-7414.0
-5554.0
-3336.0
-5207.0
-8196.0
-2429.0
-8542.0
-4467.0
-6835.0
-7473.0
-8869.0
-3238.0
-2935.0
-2790.0
-7772.0
-7060.0
-4172.0
-7709.0
-6016.0
-3391.0
-7397.0
-9292.0
-4957.0
-3524.0
-10350.0
-5372.0
-2817.0
-6873.0
-7143.0
-7718.0
-8707.0
-5714.0
-3917.0
-2769.0
-10458.0
-10369.0
-3575.0
-4899.0
-6596.0
-3238.0
-3979.0
-5266.0
-9142.0
-9447.0
-3183.0
-3188.0
-12612.0
-16429.0
-5983.0
-6389.0
-4951.0
-12135.0
-6577.0
-8545.0
-6676.0
-4454.0
-7087.0
-6139.0
-7054.0
-8364.0
-9243.0
-7490.0
-2999.0
-4349.0
-7413.0
-5890.0
-3791.0
-4177.0
-5586.0
-3917.0
-7862.0
-6198.0
-5088.0
-7784.0
-9345.0
-4175.0
-2909.0
-3870.0
-6424.0
-5152.0
-10223.0
-3724.0
-4580.0
-3196.0
-7400.0
-9653.0
-3551.0
-4995.0
-5560.0
-4151.0
-4555.0
-7186.0
-7209.0
-12312.0
-4437.0
-4350.0
-15233.0
-9104.0
-8508.0
-6638.0
-8073.0
-11339.0
-3051.0
-7325.0
-5635.0
-3328.0
-5824.0
-6049.0
-5425.0
-5640.0
-13716.0
-8102.0
-3334.0
-3919.0
-13343.0
-3114.0
-3568.0
-14482.0
-4247.0
-3334.0
-5180.0
-10861.0
-5103.0
-3929.0
-8019.0
-5207.0
-4842.0
-8203.0
-11326.0
-6792.0
-12236.0
-5159.0
-4662.0
-6115.0
-6056.0
-9412.0
-8862.0
-5041.0
-9596.0
-3759.0
-3097.0
-3541.0
-9283.0
-10429.0
-3425.0
-3420.0
-6984.0
-10234.0
-5982.0
-5794.0
-6563.0
-3994.0
-4216.0
-8748.0
-6691.0
-6290.0
-7135.0
-11741.0
-6556.0
-10642.0
-8039.0
-2745.0
-2504.0
-2573.0
-8590.0
-5230.0
-4122.0
-3166.0
-3979.0
-2406.0
-7379.0
-7142.0
-3603.0
-3286.0
-7939.0
-8320.0
-2741.0
-7741.0
-8626.0
-8421.0
-10101.0
-3990.0
-6168.0
-3267.0
-7567.0
-6528.0
-5135.0
-5160.0
-8275.0
-4182.0
-3851.0
-6074.0
-10038.0
-11389.0
-4241.0
-5912.0
-8394.0
-7553.0
-7365.0
-5352.0
-8035.0
-6882.0
-4782.0
-10855.0
-5609.0
-4927.0
-10310.0
-6116.0
-7817.0
-9339.0
-9458.0
-4948.0
-3637.0
-3605.0
-6886.0
-5074.0
-5828.0
-10375.0
-3584.0
-3712.0
-5510.0
-8673.0
-3021.0
-4296.0
-9350.0
-10949.0
-4194.0
-6634.0
-7737.0
-4897.0
-17480.0
-3974.0
-4763.0
-3439.0
-7711.0
-8234.0
-6405.0
-3908.0
-5021.0
-3947.0
-3772.0
-3593.0
-6859.0
-10400.0
-4341.0
-3200.0
-6641.0
-6324.0
-9879.0
-6855.0
-13062.0
-9090.0
-5496.0
-7004.0
-10032.0
-3716.0
-5508.0
-5617.0
-9897.0
-5742.0
-8140.0
-6936.0
-3114.0
-5322.0
-7884.0
-5132.0
-3451.0
-5742.0
-4325.0
-5249.0
-4280.0
-4826.0
-3246.0
-3329.0
-4797.0
-5033.0
-2981.0
-12018.0
-10874.0
-4767.0
-12389.0
-4213.0
-3947.0
-5193.0
-9244.0
-5501.0
-7192.0
-2601.0
-12999.0
-4748.0
-3324.0
-6398.0
-7271.0
-9891.0
-4196.0
-2873.0
-3973.0
-7768.0
-6179.0
-4111.0
-5337.0
-7638.0
-4101.0
-6791.0
-6665.0
-2557.0
-7183.0
-5830.0
-7277.0
-10276.0
-8809.0
-2953.0
-4592.0
-3136.0
-8244.0
-7708.0
-2956.0
-5594.0
-2304.0
-3949.0
-5412.0
-10269.0
-2942.0
-3919.0
-6010.0
-4686.0
-2304.0
-9196.0
-3734.0
-8318.0
-9524.0
-4834.0
-3505.0
-2649.0
-7963.0
-6292.0
-4559.0
-4316.0
-8854.0
-3474.0
-3160.0
-4897.0
-5972.0
-10353.0
-3923.0
-2970.0
-7189.0
-10172.0
-8921.0
-3434.0
-3405.0
-7499.0
-4430.0
-4681.0
-5528.0
-3833.0
-10132.0
-6779.0
-9019.0
-8258.0
-4050.0
-4954.0
-3682.0
-4444.0
-5197.0
-5510.0
-4190.0
-4013.0
-2806.0
-2232.0
-3701.0
-7268.0
-3878.0
-3649.0
-6521.0
-5517.0
-3556.0
-6280.0
-5277.0
-8637.0
-14543.0
-7246.0
-5353.0
-4305.0
-10754.0
-6002.0
-5217.0
-3226.0
-9204.0
-4736.0
-2677.0
-6654.0
-7396.0
-8722.0
-6159.0
-3425.0
-8683.0
-8033.0
-6250.0
-8017.0
-5689.0
-6081.0
-3235.0
-3736.0
-6877.0
-3794.0
-6612.0
-6831.0
-7870.0
-10789.0
-6693.0
-4563.0
-2535.0
-5879.0
-8533.0
-8697.0
-6044.0
-4139.0
-4324.0
-4030.0
-5535.0
-7307.0
-3509.0
-5762.0
-4701.0
-6672.0
-6644.0
-5993.0
-7568.0
-5879.0
-6558.0
-4485.0
-4793.0
-3626.0
-6321.0
-7482.0
-6345.0
-3198.0
-6678.0
-3362.0
-2898.0
-3823.0
-7816.0
-7863.0
-4023.0
-3584.0
-4042.0
-7014.0
-5393.0
-3178.0
-8872.0
-4520.0
-3801.0
-5415.0
-4131.0
-4916.0
-6233.0
-3843.0
-9292.0
-8611.0
-18364.0
-5625.0
-2537.0
-2705.0
-3819.0
-5344.0
-3168.0
-7241.0
-3573.0
-3086.0
-4780.0
-8428.0
-4920.0
-4302.0
-7075.0
-6932.0
-2780.0
-7528.0
-4255.0
-6216.0
-12397.0
-4888.0
-4388.0
-3352.0
-5653.0
-5997.0
-6693.0
-6352.0
-5725.0
-2962.0
-2733.0
-3835.0
-7966.0
-12106.0
-7182.0
-3210.0
-8463.0
-8433.0
-5842.0
-4321.0
-9679.0
-6017.0
-6632.0
-4403.0
-7977.0
-4048.0
-8445.0
-6479.0
-5922.0
-9286.0
-6472.0
-5663.0
-2562.0
-6268.0
-5321.0
-3513.0
-3407.0
-8331.0
-4237.0
-2717.0
-5025.0
-5007.0
-4595.0
-4631.0
-5502.0
-9845.0
-3886.0
-6929.0
-7406.0
-7050.0
-12318.0
-3361.0
-4384.0
-6378.0
-6161.0
-4274.0
-3603.0
-3430.0
-7696.0
-4001.0
-4634.0
-4627.0
-7118.0
-11921.0
-5826.0
-3947.0
-5263.0
-5725.0
-7407.0
-3989.0
-9451.0
-5283.0
-6112.0
-6018.0
-4348.0
-4503.0
-6056.0
-6092.0
-9175.0
-8993.0
-8334.0
-4514.0
-3735.0
-2779.0
-4801.0
-4800.0
-3722.0
-5437.0
-4175.0
-3487.0
-5165.0
-6644.0
-2655.0
-3010.0
-8672.0
-5260.0
-4006.0
-8280.0
-5447.0
-4321.0
-9815.0
-6691.0
-3828.0
-3878.0
-4533.0
-2870.0
-3271.0
-3062.0
-6509.0
-2445.0
-9064.0
-4549.0
-7589.0
-6997.0
-3182.0
-2074.0
-6635.0
-8810.0
-4382.0
-4172.0
-4406.0
-5789.0
-3013.0
-7733.0
-4366.0
-5825.0
-4624.0
-10360.0
-6471.0
-8737.0
-7254.0
-3948.0
-4377.0
-3350.0
-5077.0
-5023.0
-6998.0
-7461.0
-3726.0
-3512.0
-4891.0
-11303.0
-5076.0
-3963.0
-9599.0
-7937.0
-3893.0
-7524.0
-5708.0
-3924.0
-11262.0
-4902.0
-4196.0
-4008.0
-6475.0
-6786.0
-5772.0
-6325.0
-4525.0
-3850.0
-4017.0
-3217.0
-5373.0
-10197.0
-3319.0
-2551.0
-6283.0
-7360.0
-6614.0
-5841.0
-6699.0
-8126.0
-6009.0
-4225.0
-4438.0
-2763.0
-9533.0
-3757.0
-6449.0
-9476.0
-6501.0
-3905.0
-4148.0
-3857.0
-5043.0
-7620.0
-2986.0
-2249.0
-2947.0
-3877.0
-5307.0
-7509.0
-1637.0
-2340.0
-4203.0
-4303.0
-2660.0
-6911.0
-5348.0
-4936.0
-9978.0
-6719.0
-2708.0
-3523.0
-8255.0
-4155.0
-4741.0
-3234.0
-6567.0
-2604.0
-5284.0
-2486.0
-3543.0
-6388.0
-4392.0
-4349.0
-4917.0
-4062.0
-7610.0
-4257.0
-8065.0
-9966.0
-3485.0
-4464.0
-5719.0
-5729.0
-16180.0
-10159.0
-5093.0
-9659.0
-7576.0
-3090.0
-4342.0
-4745.0
-9888.0
-4119.0
-2890.0
-3898.0
-5194.0
-2601.0
-4563.0
-7377.0
-2997.0
-4451.0
-5048.0
-6152.0
-3203.0
-5351.0
-8309.0
-4005.0
-11964.0
-4798.0
-3542.0
-2319.0
-5556.0
-4644.0
-2028.0
-1951.0
-5374.0
-1912.0
-2879.0
-4688.0
-6319.0
-9285.0
-4197.0
-3294.0
-9106.0
-6102.0
-5298.0
-5072.0
-6994.0
-7376.0
-5102.0
-5393.0
-5371.0
-2652.0
-7378.0
-4114.0
-5757.0
-8685.0
-8184.0
-4376.0
-4004.0
-2363.0
-5037.0
-3492.0
-3054.0
-3492.0
-2410.0
-2471.0
-4392.0
-12879.0
-2663.0
-3260.0
-6076.0
-4540.0
-3651.0
-3840.0
-7780.0
-8122.0
-12926.0
-4401.0
-6014.0
-4793.0
-7888.0
-4687.0
-4529.0
-2517.0
-3829.0
-4181.0
-3100.0
-3216.0
-3579.0
-8714.0
-3526.0
-3182.0
-7214.0
-5164.0
-8858.0
-4929.0
-8921.0
-6482.0
-4534.0
-3343.0
-4329.0
-2698.0
-7882.0
-4457.0
-12309.0
-7148.0
-8004.0
-5646.0
-2623.0
-3258.0
-6895.0
-4338.0
-3349.0
-6766.0
-2443.0
-2796.0
-6787.0
-5742.0
-3983.0
-5370.0
-7560.0
-5981.0
-3222.0
-8915.0
-3864.0
-4279.0
-11818.0
-4681.0
-4754.0
-3057.0
-6353.0
-3629.0
-3166.0
-3977.0
-3955.0
-3990.0
-3518.0
-3231.0
-4668.0
-9743.0
-2740.0
-2273.0
-7999.0
-6724.0
-5756.0
-5211.0
-8689.0
-5633.0
-5071.0
-3387.0
-4913.0
-3674.0
-4606.0
-4077.0
-6964.0
-8061.0
-6584.0
-4855.0
-2542.0
-4378.0
-5580.0
-3476.0
-3803.0
-3724.0
-3310.0
-2265.0
-6493.0
-6703.0
-2949.0
-2280.0
-7601.0
-3591.0
-5205.0
-5610.0
-4457.0
-3479.0
-11700.0
-6226.0
-2691.0
-4324.0
-6497.0
-5600.0
-2921.0
-2593.0
-8396.0
-2790.0
-3869.0
-4537.0
-6543.0
-6317.0
-3944.0
-4618.0
-8402.0
-8084.0
-6291.0
-4535.0
-3751.0
-6347.0
-2677.0
-6785.0
-5425.0
-4208.0
-7376.0
-5610.0
-8319.0
-8093.0
-6930.0
-4039.0
-1506.0
-1844.0
-6152.0
-8759.0
-4129.0
-4838.0
-3355.0
-4287.0
-6299.0
-7065.0
-2921.0
-3491.0
-3726.0
-3611.0
-3402.0
-5360.0
-4676.0
-7851.0
-10631.0
-2942.0
-3732.0
-3705.0
-5598.0
-4662.0
-2709.0
-3916.0
-5614.0
-4665.0
-3929.0
-2399.0
-3346.0
-6866.0
-3331.0
-4048.0
-8649.0
-5057.0
-6810.0
-2561.0
-4161.0
-4133.0
-4273.0
-4458.0
-8531.0
-4231.0
-5777.0
-6179.0
-5343.0
-8282.0
-5731.0
-5651.0
-2522.0
-2439.0
-4644.0
-3881.0
-3448.0
-4468.0
-3538.0
-4533.0
-6635.0
-7033.0
-2915.0
-5946.0
-5756.0
-4429.0
-3474.0
-6814.0
-4402.0
-5439.0
-7941.0
-4777.0
-3690.0
-4567.0
-6181.0
-3757.0
-2863.0
-4872.0
-8140.0
-3558.0
-2849.0
-3313.0
-7483.0
-10659.0
-2688.0
-2904.0
-9371.0
-4133.0
-7666.0
-6285.0
-3716.0
-5563.0
-5617.0
-3874.0
-6978.0
-3829.0
-7302.0
-4617.0
-5378.0
-9180.0
-5580.0
-4095.0
-2140.0
-3674.0
-5565.0
-2884.0
-4123.0
-2460.0
-3858.0
-3053.0
-4447.0
-6851.0
-3122.0
-2958.0
-4097.0
-4192.0
-3780.0
-3948.0
-4242.0
-7096.0
-8637.0
-4681.0
-2347.0
-2210.0
-8963.0
-4382.0
-3283.0
-4149.0
-3622.0
-4529.0
-3036.0
-2792.0
-3804.0
-9136.0
-1896.0
-1997.0
-3900.0
-5516.0
-5816.0
-4085.0
-7423.0
-5558.0
-5140.0
-3116.0
-3102.0
-2459.0
-7635.0
-6340.0
-9999.0
-9028.0
-8347.0
-4458.0
-3217.0
-2941.0
-5931.0
-4611.0
-4048.0
-4839.0
-4277.0
-2992.0
-7388.0
-8709.0
-2947.0
-5007.0
-9231.0
-3173.0
-3413.0
-3847.0
-4659.0
-7080.0
-10196.0
-8396.0
-2828.0
-2670.0
-6641.0
-6447.0
-3779.0
-3001.0
-4093.0
-2567.0
-2151.0
-3037.0
-6390.0
-8913.0
-5879.0
-2620.0
-6143.0
-5293.0
-5139.0
-6137.0
-3759.0
-8637.0
-3358.0
-6094.0
-4433.0
-4513.0
-5696.0
-4098.0
-6627.0
-8761.0
-7213.0
-3766.0
-2473.0
-2626.0
-4332.0
-4945.0
-3274.0
-4602.0
-2734.0
-2576.0
-4236.0
-6505.0
-5088.0
-3702.0
-5034.0
-5260.0
-2766.0
-2933.0
-3704.0
-5656.0
-5235.0
-4341.0
-4105.0
-3682.0
-8184.0
-3093.0
-5974.0
-2310.0
-9078.0
-2554.0
-2250.0
-3246.0
-7804.0
-7378.0
-2941.0
-2285.0
-5509.0
-6863.0
-6864.0
-3557.0
-5979.0
-5125.0
-4027.0
-3495.0
-3691.0
-2555.0
-4300.0
-4722.0
-5366.0
-6666.0
-4215.0
-4345.0
-3322.0
-2007.0
-6052.0
-4794.0
-3001.0
-2528.0
-2552.0
-2175.0
-6234.0
-5096.0
-1903.0
-6058.0
-8333.0
-3335.0
-2175.0
-3744.0
-5741.0
-4138.0
-9874.0
-4191.0
-2600.0
-3938.0
-7012.0
-4976.0
-5066.0
-8532.0
-4132.0
-2189.0
-2359.0
-3923.0
-7868.0
-6471.0
-2447.0
-2481.0
-3723.0
-5914.0
-6158.0
-5427.0
-5978.0
-9273.0
-2588.0
-3291.0
-5200.0
-2588.0
-5890.0
-4975.0
-5060.0
-7514.0
-9422.0
-5846.0
-3504.0
-2123.0
-4182.0
-3285.0
-3394.0
-3819.0
-3478.0
-3155.0
-4209.0
-7322.0
-2520.0
-2478.0
-3718.0
-5851.0
-2620.0
-5786.0
-5807.0
-3357.0
-6709.0
-3998.0
-3560.0
-2938.0
-4618.0
-3517.0
-2652.0
-2148.0
-4513.0
-2302.0
-2494.0
-3314.0
-6107.0
-7728.0
-3175.0
-2792.0
-5477.0
-4870.0
-4998.0
-4157.0
-5349.0
-4399.0
-3572.0
-5264.0
-5419.0
-3533.0
-6837.0
-3954.0
-6012.0
-4610.0
-6843.0
-2879.0
-3253.0
-3122.0
-5249.0
-2640.0
-3614.0
-3142.0
-2209.0
-2966.0
-6163.0
-6304.0
-2243.0
-2320.0
-6145.0
-5836.0
-2958.0
-5128.0
-4447.0
-5025.0
-4723.0
-3074.0
-3383.0
-3266.0
-5417.0
-3966.0
-3042.0
-7134.0
-5546.0
-2589.0
-2061.0
-3966.0
-5515.0
-8473.0
-4063.0
-3111.0
-4815.0
-6047.0
-4862.0
-3489.0
-4632.0
-7775.0
-4496.0
-4338.0
-6057.0
-2790.0
-6097.0
-5906.0
-5768.0
-5799.0
-7617.0
-5050.0
-3150.0
-2251.0
-7235.0
-3938.0
-3372.0
-4966.0
-2968.0
-2487.0
-2641.0
-4435.0
-3252.0
-3402.0
-4327.0
-4571.0
-2452.0
-3498.0
-7289.0
-5320.0
-10183.0
-3016.0
-2916.0
-2576.0
-7187.0
-5170.0
-2378.0
-2142.0
-5236.0
-2975.0
-2918.0
-2984.0
-10809.0
-5710.0
-2924.0
-1816.0
-2761.0
-3954.0
-5743.0
-2448.0
-4420.0
-6132.0
-4360.0
-3709.0
-4145.0
-2324.0
-5601.0
-2911.0
-4271.0
-4462.0
-3930.0
-2752.0
-3158.0
-2127.0
-4248.0
-3215.0
-2649.0
-3954.0
-3265.0
-2832.0
-3884.0
-4548.0
-2162.0
-3604.0
-7249.0
-5226.0
-3690.0
-4797.0
-4780.0
-6571.0
-7232.0
-2107.0
-4116.0
-2603.0
-4918.0
-3193.0
-2784.0
-2910.0
-5049.0
-3679.0
-1941.0
-4523.0
-4506.0
-7653.0
-4526.0
-2851.0
-5491.0
-5667.0
-5160.0
-3811.0
-5667.0
-7287.0
-4102.0
-3490.0
-7028.0
-3546.0
-4020.0
-4977.0
-3618.0
-5499.0
-3544.0
-7530.0
-2544.0
-3196.0
-5254.0
-4328.0
-1701.0
-2451.0
-2540.0
-3076.0
-7477.0
-7044.0
-1701.0
-2278.0
-3042.0
-5567.0
-3386.0
-3224.0
-3126.0
-5575.0
-7398.0
-4051.0
-3258.0
-3111.0
-5311.0
-4049.0
-2853.0
-4531.0
-5059.0
-3112.0
-2753.0
-2204.0
-7926.0
-7280.0
-3289.0
-3103.0
-4079.0
-4950.0
-4723.0
-3374.0
-4530.0
-4147.0
-4364.0
-4748.0
-3477.0
-3552.0
-6487.0
-6673.0
-8233.0
-7922.0
-4863.0
-3681.0
-2234.0
-2320.0
-2731.0
-5929.0
-3344.0
-4332.0
-4454.0
-2001.0
-7098.0
-3006.0
-2758.0
-2609.0
-4206.0
-3021.0
-2837.0
-4590.0
-3463.0
-3296.0
-9604.0
-5440.0
-4756.0
-2982.0
-5006.0
-4017.0
-5867.0
-2716.0
-5747.0
-3174.0
-2833.0
-5392.0
-4795.0
-3385.0
-1627.0
-4357.0
-3022.0
-5136.0
-5105.0
-2554.0
-4157.0
-4405.0
-7810.0
-3581.0
-5458.0
-3075.0
-5647.0
-6965.0
-5768.0
-8163.0
-4365.0
-2586.0
-2027.0
-2571.0
-7562.0
-2967.0
-3397.0
-6211.0
-2487.0
-2282.0
-3295.0
-5422.0
-3052.0
-2843.0
-5708.0
-3979.0
-2545.0
-6741.0
